m	n	lambda	sq_lambda	C
0	1	3.0185870522432214	9.11186779197042	-0.08260741406739608
0	2	6.208792660420718	38.549106300094174	0.0030983319078049998
0	3	9.373054665924633	87.85415377041153	-0.00012713916724502842
0	4	12.5268202097819	156.92122456820022	5.3509713786219435e-06
0	5	15.675964319061883	245.7358573325013	-2.275613410305225e-07
0	6	18.822691977661993	354.29373328594113	9.728607656241121e-09
0	7	21.96800130543296	482.59308135550424	-4.1717747163358503e-10
0	8	25.112408025088826	630.6330368185456	1.7923381361051046e-11
0	9	28.256205094542914	798.4131263448729	-7.710354255518256e-13
0	10	31.39957115612888	985.9330687888006	3.319853339869674e-14
0	11	34.54262130383369	1193.192686540065	-1.4303690505483027e-15
0	12	37.68543301916872	1420.191861842252	6.16582698574756e-17
0	13	40.82806036933065	1666.930513521708	-2.6588849750676333e-18
0	14	43.970542227685605	1933.408583796683	1.1469319063899626e-19
0	15	47.112907259193314	2219.6260304133502	-4.948570686325658e-21
0	16	50.255177064216326	2525.5828217557346	2.1355344722997587e-22
0	17	53.397368228172084	2851.2789336950013	-9.217288956193372e-24
0	18	56.53949369685082	3196.7143474962336	3.978854470592122e-25
0	19	59.681563722730125	3561.8890483902965	-1.717758059911581e-26
0	20	62.82358653067647	3946.8030245773944	7.416648483746409e-28
0	21	65.96556879551598	4351.456266515951	-3.202500598394466e-29
0	22	69.10751599071662	4775.848766407154	1.3829347928162912e-30
0	23	72.24943264700605	5219.980517814263	-5.97229326707439e-32
0	24	75.39132254694645	5683.851515377717	2.5793135124438914e-33
0	25	78.53318887323168	6167.46175459868	-1.1140069690060882e-34
0	26	81.67503432306117	6670.81123167322	4.81160604322714e-36
0	27	84.81686119730304	7193.89994336257	-2.0783015457441643e-37
0	28	87.95867147071054	7736.727886892389	8.977215684615272e-39
0	29	91.10046684771814	8299.29505987219	-3.8778218503514616e-40
0	30	94.24224880716275	8881.60146023117	1.6751196652469416e-41
0	31	97.38401863841173	9483.647086166524	-7.236265175607251e-43
1	1	4.5319425098826445	20.538502912881402	-0.01886940338980317
1	2	7.7388959384835285	59.890510346676855	0.0007017227182939552
1	3	10.91065546626671	119.04240270357566	-2.8350678404296496e-05
1	4	14.06983507804049	197.96025912325865	1.1791224995295517e-06
1	5	17.222966962860955	296.6305910037999	-4.971015161993569e-08
1	6	20.37271758137495	415.04762165046395	2.1113521524430693e-09
1	7	23.52038469989171	553.2084964309	-9.00820702704426e-11
1	8	26.666676706776286	711.1116465837249	3.854761290819062e-12
1	9	29.812013337055788	888.7561392087922	-1.652873920986521e-13
1	10	32.956659189162636	1086.141384910618	7.0976795563887745e-15
1	11	36.10078936899077	1303.2669930642369	-3.051154333230004e-16
1	12	39.24452438937511	1540.1326945482576	1.3127179481664337e-17
1	13	42.38794991402298	1796.738297913721	-5.651440744676288e-19
1	14	45.5311285083963	2073.083663248098	2.4342772391042814e-20
1	15	48.67410693507301	2369.168685926923	-1.0489656476632229e-21
1	16	51.81692084780541	2684.9932861477314	4.5216858485035136e-23
1	17	54.959597905923246	3020.5574019807627	-1.9496752527229355e-24
1	18	58.10215989643064	3375.860984630393	8.408668121740579e-26
1	19	61.244624214116335	3750.903995128325	-3.627266493290122e-27
1	20	64.38700491541802	4145.686401978064	1.5649712366433027e-28
1	21	67.529313482708	4560.208179445849	-6.753012651994524e-30
1	22	70.67155938777924	4994.469306300408	2.9143691654544893e-31
1	23	73.81375051349973	5448.469764869181	-1.257883113734958e-32
1	24	76.95589347361818	5922.209540322869	5.429737182753379e-34
1	25	80.09799385830858	6415.688620125639	-2.343986610363689e-35
1	26	83.24005642482587	6928.906993608194	1.0119638261095948e-36
1	27	86.38208524707461	7461.864651632865	-4.369228495281131e-38
1	28	89.52408383406254	8014.561586328257	1.8865629621469682e-39
1	29	92.66605522453871	8586.997790877258	-8.146328526987131e-41
1	30	95.80800206322125	9179.173259346207	3.5178251741400155e-42
1	31	98.94992666266238	9791.087986546263	-1.5191695363280153e-43
2	0	2.27943442543043	5.195821299837355	0.22778642881599173
2	1	5.935558419029405	35.23085374571085	-0.005556340944518822
2	2	9.185999645113515	84.38258948002563	0.00018936302718918958
2	3	12.383218726775077	153.34410603515295	-7.242240758022764e-06
2	4	15.559145991660905	242.08702398981762	2.9049605932675314e-07
2	5	18.72414601536903	350.5936440048599	-1.1938488232816622e-08
2	6	21.88274840103784	478.85467758312416	4.97578986163464e-10
2	7	25.0372712585281	626.8649520731173	-2.0923165132072628e-11
2	8	28.189029563819215	794.6213877498737	8.850773121814746e-13
2	9	31.338826457354322	982.1220437241712	-3.759745106952841e-14
2	10	34.487180781638386	1189.365638265408	1.60202249416752e-15
2	11	37.63444289001876	1416.3512916420837	-6.841998477457731e-17
2	12	40.78085801305099	1663.078380280625	2.9273366269989853e-18
2	13	43.9266029871188	1929.546449987954	-1.254219436147532e-19
2	14	47.07180857113712	2215.7551621577777	5.3797823575332586e-21
2	15	50.21657355127353	2521.704259230464	-2.309698363071461e-22
2	16	53.36097395877278	2847.393541828827	9.923741841569717e-24
2	17	56.505069270070145	3192.8228532154253	-4.266491518478236e-25
2	18	59.64890668299624	3557.9920684767935	1.835263838364782e-26
2	19	62.79252413177385	3942.9010868394016	-7.898121489113288e-28
2	20	65.93595245470009	4347.54982610847	3.4003122621259094e-29
2	21	69.07921698004638	4771.938218576329	-1.4644027619804675e-30
2	22	72.22233870462613	5216.066207965737	6.308557102603974e-32
2	23	75.36533518213771	5679.933747115964	-2.7183880651654833e-33
2	24	78.50822120140582	6163.540796208866	1.1716326362048337e-34
2	25	81.65100931031772	6666.88732139359	-5.0507836281109505e-36
2	26	84.79371022492916	7189.973293709256	2.17772849979212e-37
2	27	87.93633315207458	7732.798688232651	-9.391135543583181e-39
2	28	91.07888604610099	8295.363483398649	4.050370533609049e-40
2	29	94.22137581490094	8877.6676604528	-1.7471391134649976e-41
2	30	97.36380848656258	9479.711203008035	7.537215112893685e-43
3	0	3.4797385159345082	12.108580139278093	0.1000359000744841
3	1	7.270708901757729	52.86320793409908	-0.0018696707908217882
3	2	10.577157121443898	111.87625277171136	5.714748825761293e-05
3	3	13.808077621921216	190.66300761300147	-2.0377516594912807e-06
3	4	17.00686655425086	289.2335099940965	7.789188445615936e-08
3	5	20.188470142598764	407.57432669860174	-3.0909057136889064e-09
3	6	23.35970133692498	545.6756465503348	1.2544481404883342e-10
3	7	26.524161583341716	703.5311476992205	-5.166096296984083e-12
3	8	29.683947132849347	881.136717385795	2.148946605713662e-13
3	9	32.84036539592265	1078.489599337714	-9.003422330346056e-15
3	10	35.994275765988284	1295.5878879180116	3.792288211424298e-16
3	11	39.146267094333204	1532.4302274208746	-1.6038231804778695e-17
3	12	42.29675671565989	1789.01562866372	6.804322246464379e-19
3	13	45.446048823759305	2065.3433536915145	-2.8940412831327576e-20
3	14	48.59437046750154	2361.412841132786	1.2334072847193551e-21
3	15	51.741894597539186	2677.2236565428548	-5.265397655791709e-23
3	16	54.88875530149504	3012.7754585473995	2.2508978301922332e-24
3	17	58.03505815660888	3368.067975240975	-9.633493276912608e-26
3	18	61.180887435566085	3743.100987403408	4.127037037303797e-27
3	19	64.32631122913942	4137.874316348109	-1.7695283650226726e-28
3	20	67.47138515681614	4552.387814979429	7.592604572949706e-30
3	21	70.61615510005169	4986.641361114555	-3.2598419632116875e-31
3	22	73.7606592461619	5440.634852428408	1.400361858296099e-32
3	23	76.90492963770433	5914.368202580254	-6.018565945882673e-34
3	24	80.0489933616412	6407.841338212076	2.587797973558653e-35
3	25	83.19287347242089	6921.05419659823	-1.1130932419218583e-36
3	26	86.3365897159946	7454.006723787986	4.789374487456726e-38
3	27	89.4801591031384	8006.698873122963	-2.061374212239805e-39
3	28	92.62359636748374	8579.130604046548	8.874674890549471e-41
3	29	95.76691433443015	9171.301881138084	-3.8216784302026716e-42
3	30	98.91012422055314	9783.212673325253	1.6460834979262043e-43
4	0	4.616516465561656	21.31222427680188	0.047986003949937135
4	1	8.5596999986352	73.26846406663543	-0.0006839750365215662
4	2	11.927309152836814	142.26070362734484	1.8656088681358507e-05
4	3	15.196026127136408	230.91921005661234	-6.166243787023551e-07
4	4	18.42116064337777	339.33915944913014	2.2327270473134855e-08
4	5	21.622329913545922	467.5251508902228	-8.507836288531194e-10
4	6	24.80871427938777	615.4723041962988	3.345947443819118e-11
4	7	27.985275830500946	783.1756633092205	-1.343745589430503e-12
4	8	31.154957198660952	970.6313580503959	5.476052342205853e-14
4	9	34.31962278643255	1177.83650820302	-2.25544989922874e-15
4	10	37.48051464102977	1404.788977756447	9.363951036589645e-17
4	11	40.6384936647973	1651.4871673437704	-3.9115370773949685e-18
4	12	43.794176132054034	1917.9298630853712	1.6418317683536302e-19
4	13	46.948015191208434	2204.116130393938	-6.918074934281974e-21
4	14	50.10035169188625	2510.04523965069	2.924180299229556e-22
4	15	53.25144705811825	2835.716613783571	-1.2392125173470165e-23
4	16	56.401505217896826	3181.129790844443	5.262884276474136e-25
4	17	59.550687627682784	3546.2843969298515	-2.2391903513308415e-26
4	18	62.699123808203886	3931.1801263164793	9.54178274021373e-28
4	19	65.84691888535936	4335.816726695095	-4.071401067496358e-29
4	20	68.99415908650664	4760.193988054187	1.739225692663886e-30
4	21	72.14091581212897	5204.311734212679	-7.43705652784043e-32
4	22	75.28724869655709	5668.169816297237	3.182917840841076e-33
4	23	78.43320793941048	6151.768107666803	-1.3632756975261884e-34
4	24	81.57883610302399	6655.10649992405	5.843022114573117e-36
4	25	84.72416951350029	7178.184899752331	-2.5058452928504824e-37
4	26	87.86923936388591	7721.0032263878775	1.07524104372829e-38
4	27	91.01407259090058	8283.56140958172	-4.6160242931743115e-40
4	28	94.15869257772061	8865.859387945698	1.9825312494805663e-41
4	29	97.30311972182841	9467.897107600473	-8.51811359680773e-43
5	0	5.723449365317157	32.75787263734937	0.024042721861700932
5	1	9.81535700047125	96.34123304669998	-0.00026522553626713027
5	2	13.245803354131667	175.4513064963257	6.459258387523833e-06
5	3	16.554339692648803	274.04616265960766	-1.9754857351466103e-07
5	4	19.807843332591748	392.3506574884994	6.756407614214659e-09
5	5	23.030470582518983	530.4025752522723	-2.464395343205714e-10
5	6	26.23372792056186	688.208480610067	9.362474217470995e-12
5	7	29.42393593258438	865.7680057648303	-3.656039680971616e-13
5	8	32.60489643694253	1063.079271663748	1.4557552818273242e-14
5	9	35.779048166973475	1280.140287734608	-5.880074464995353e-16
5	10	38.94803339463944	1516.9493053099488	2.4009613608844428e-17
5	11	42.11300123439771	1773.5048729683829	-9.88645116793869e-19
5	12	45.274781153002564	2049.8058084522763	4.0981533349091306e-20
5	13	48.43398757887054	2345.851152790186	-1.7079149678544014e-21
5	14	51.59108572654811	2661.640126444036	7.149071323720171e-23
5	15	54.74643451881878	2997.1720925233126	-3.0033859398732933e-24
5	16	57.900315434147586	3352.446527373789	1.2655946890708219e-25
5	17	61.05295240609503	3727.462997500905	-5.3468341737651394e-27
5	18	64.20452586515908	4122.221141569882	2.263881731733881e-28
5	19	67.3551828470603	4536.720656360927	-9.603567142961685e-30
5	20	70.50504439946913	4970.961285771113	4.080597976658856e-31
5	21	73.65421109588061	5424.9428121565425	-1.7363474764839954e-32
5	22	76.8027671993339	5898.665049475079	7.397672497334211e-34
5	23	79.95078384743812	6392.127837819772	-3.1552598995637773e-35
5	24	83.09832151754057	6905.331039032546	1.347107833641776e-36
5	25	86.24543195532846	7438.27453316119	-5.756391006153855e-38
5	26	89.39215969859923	7990.958215579868	2.4617216355217997e-39
5	27	92.53854329215477	8563.381994634003	-1.0534981456885e-40
5	28	95.68461626459873	9155.545789703512	4.5113316363573577e-42
5	29	98.83040791982587	9767.44952959918	-1.932972407709998e-43
6	0	6.812294103253471	46.407350949222014	0.012374991598408132
6	1	11.045689639970096	122.0072596225427	-0.00010741048269129
6	2	14.53895527065769	211.38122036218502	2.3416886489813176e-06
6	3	17.888201749457412	319.98776182929123	-6.628061755549691e-08
6	4	21.171231428640585	448.22104020505884	2.138701418797591e-09
6	5	24.41653051415354	596.1669623485909	-7.454053592604784e-11
6	6	27.637843282550083	763.8503813107988	2.7302310712279764e-12
6	7	30.84281234711584	951.2790734794012	-1.0346172641176994e-13
6	8	34.03608621295172	1158.4551646954824	4.017460807830542e-15
6	9	37.22067662009989	1385.3787680580504	-1.58850670339764e-16
6	10	40.39862980286467	1632.0492899489054	6.3684588847844655e-18
6	11	43.571388905123634	1898.465931121531	-2.5809287334592456e-19
6	12	46.7400030223957	2184.627882533559	1.0550196947468153e-20
6	13	49.90525421539523	2490.5343983032235	-4.342877863336726e-22
6	14	53.067738012150734	2816.1848177262677	1.797987544668777e-23
6	15	56.22791625426192	3161.5785662962917	-7.479439527767193e-25
6	16	59.386152835571565	3526.7151486098646	3.12388636560012e-26
6	17	62.5427384974443	3911.594138759701	-1.3091886729899982e-27
6	18	65.69790841881591	4316.215170607123	5.502722897267728e-29
6	19	68.85185494148546	4740.5779288833555	-2.3187178097008545e-30
6	20	72.00473693734891	5184.682141416818	9.791964372222858e-32
6	21	75.15668681164736	5648.527572504048	-4.143088709925636e-33
6	22	78.30781581249306	6132.114017323338	1.7559457032662177e-34
6	23	81.45821810754096	6635.441297255714	-7.453251638340317e-36
6	24	84.60797395029985	7158.509255974618	3.167789504887189e-37
6	25	87.757152165384	7701.317756178361	-1.3479723071619423e-38
6	26	90.90581211812656	8263.866676856125	5.742044707531389e-40
6	27	94.0540052894895	8846.155910995318	-2.4483135599826345e-41
6	28	97.20177654577017	9448.185363653836	1.0448218633859876e-42
7	0	7.88877973959389	62.23284577982704	0.0064889954809149155
7	1	12.256045951652784	150.2106623690246	-4.499718191045169e-05
7	2	15.811266870270645	249.99616004291806	8.811170697828806e-07
7	3	19.201460731245188	368.69609421355096	-2.310646564287579e-08
7	4	22.51463415512276	506.90875113902035	7.032903883137049e-10
7	5	25.783372033827654	664.7822734347659	-2.340163807973614e-11
7	6	29.02355255607875	842.3666029754654	8.253890071297778e-13
7	7	32.24408987804695	1039.6813320635697	-3.0312273612723437e-14
7	8	35.450454705335495	1256.7347388150436	1.1462777198765673e-15
7	9	38.646220669721195	1493.5303720527857	-4.430825331595881e-17
7	10	41.83383388814762	1750.0696577811284	1.7418436207711254e-18
7	11	45.01503116396792	2026.353030693003	-6.939070357129088e-20
7	12	48.1910827660367	2322.3804581629993	2.7939377765544126e-21
7	13	51.36294086051806	2638.1516938410755	-1.1347421565706325e-22
7	14	54.53133414545503	2973.6664036832694	4.641792884249322e-24
7	15	57.69683032129289	3328.924229124063	-1.9101646344512812e-25
7	16	60.85987855959056	3703.924818288111	7.900374960479658e-27
7	17	64.02083911210863	4098.667840618498	-3.281649291979944e-28
7	18	67.18000441223529	4513.152992827953	1.368173353755885e-29
7	19	70.3376144060779	4947.3800003380975	-5.722409232420376e-31
7	20	73.49386788322452	5401.348616436861	2.4000869879755548e-32
7	21	76.64893097989	5875.0586203599405	-1.0091047416153704e-33
7	22	79.80294364837071	6368.509814945031	4.25188210994154e-35
7	23	82.9560246407959	6881.702024204337	-1.7949629475050503e-36
7	24	86.10827539204296	7414.63509099191	7.590462801095604e-38
7	25	89.25978307641203	7967.308874848132	-3.2147080186023146e-39
7	26	92.4106230368228	8539.723250053765	1.3633519003851873e-40
7	27	95.56086073229369	9131.87810389683	-5.789073773633544e-42
7	28	98.71055331190503	9743.773335142445	2.4608994265063668e-43
8	0	8.956196129331472	80.21344910705204	0.0034495766937770803
8	1	13.450185562531885	180.90749166654118	-1.937215634866199e-05
8	2	17.066078297733135	291.2510284643579	3.419259332387381e-07
8	3	20.497066727596458	420.1297444355418	-8.320392922470349e-09
8	4	23.840654474827524	568.3768057881136	2.3896959607184297e-10
8	5	27.1332949646309	736.2156956376645	-7.589103598807362e-12
8	6	30.39289420591517	923.7280182119518	2.575806668924679e-13
8	7	33.62958286299114	1130.9488435387875	-9.15950978457725e-15
8	8	36.84962414806618	1357.894799853742	3.3699421909826326e-16
8	9	40.05713751979219	1604.5742662795435	-1.2721558392574536e-17
8	10	43.254960550509985	1870.991612226175	4.899044971951467e-19
8	11	46.445119653730536	2157.1491396493466	-1.9166015430570818e-20
8	12	49.62910475666577	2463.048038948105	7.594012785247097e-22
8	13	52.8080380792124	2788.688885775547	-3.040368300381589e-23
8	14	55.9827822667574	3134.0719103271663	1.2277900797209064e-24
8	15	59.15401210478974	3499.1971480936113	-4.9941392993019444e-26
8	16	62.32226348838952	3884.064526316249	2.043881359076853e-27
8	17	65.48796770710527	4288.673914406862	-8.408583744120713e-29
8	18	68.65147597560208	4713.02515362867	3.474942465587065e-30
8	19	71.8130773229211	5157.1180745878455	-1.4416877838797282e-31
8	20	74.97301186055911	5620.952507443537	6.001762234475662e-33
8	21	78.13148077259476	6104.5282877183445	-2.5060537368279634e-34
8	22	81.28865394034621	6607.845259433363	1.0491899755382016e-35
8	23	84.44467583343919	7130.903276614629	-4.402921773489775e-37
8	24	87.59967011248571	7673.702203816322	1.8515714136519237e-38
8	25	90.75374326195828	8236.241916057437	-7.801131403702432e-40
8	26	93.90698748455088	8818.522298423595	3.2923811574102973e-41
8	27	97.05948302709326	9420.543245486606	-1.3916386205488105e-42
9	0	10.016630822676179	100.33289303778646	0.0018533272619652133
9	1	14.63085994471449	214.0620627218509	-8.530317970704877e-06
9	2	18.305946154855246	335.1076646244596	1.3619241192115258e-07
9	3	21.77733972779745	474.2525256199051	-3.080579464926232e-09
9	4	25.151383470856153	632.5920904980561	8.354709470713047e-11
9	5	28.468180044224358	810.4372750303739	-2.5324543825376343e-12
9	6	31.747560683287567	1007.9076093390265	8.268666478074391e-14
9	7	35.00081744547211	1225.0572218512648	-2.845492216098681e-15
9	8	38.234974656504974	1461.9132869835776	1.017878342036745e-16
9	9	41.454679277324466	1718.4904339858344	-3.749886198252918e-18
9	10	44.66314959882337	1994.7969320868758	1.4135310688669795e-19
9	11	47.86269545573831	2290.837616288753	-5.426529657960598e-21
9	12	51.05502302586854	2606.615376171967	2.1142616861487647e-22
9	13	54.24142289554899	2942.1319577337867	-8.338150865884571e-24
9	14	57.42289103849891	3297.3884152193186	3.3217709395224493e-25
9	15	60.60020936617268	3672.385375223963	-1.334634852682911e-26
9	16	63.77400093894884	4067.123195761047	5.401233930725017e-28
9	17	66.94476876092578	4481.602064453825	-2.199444006712037e-29
9	18	70.11292363310037	4915.822060380964	9.00442506102299e-31
9	19	73.2788045321856	5369.783193666265	-3.7035652420422376e-32
9	20	76.44269377216125	5843.4854311444205	1.5295133261262218e-33
9	21	79.6048284537725	6336.928713154548	-6.339345931137334e-35
9	22	82.76540922746717	6850.112964590108	2.6358139934019056e-36
9	23	85.92460708193603	7383.038102185092	-1.0990358725461258e-37
9	24	89.08256866134727	7935.7040393036505	4.5941501799529554e-39
9	25	92.23942047227891	8508.110689061865	-1.924784458789039e-40
9	26	95.39527224306339	9100.25796632818	8.080625361136109e-42
9	27	98.55021962921421	9712.145788966358	-3.398667731709384e-43
10	0	11.071501519916904	122.5781459055223	0.0010041693376542035
10	1	15.80014842679003	249.64469030859544	-3.8282902178126974e-06
10	2	19.53287693506482	381.53328136038726	5.547501099011613e-08
10	3	23.04414277821321	531.032516382676	-1.168504624577221e-09
10	4	26.448530855501293	699.5247844144039	2.9951171043882844e-11
10	5	29.789588478701603	887.4195817303913	-8.667954189023747e-13
10	6	33.08897533389685	1094.880288647234	2.722393674080827e-14
10	7	36.35909175095883	1321.9835529546426	-9.063682776338558e-16
10	8	39.607691893490724	1568.769257129691	3.1509281828141193e-17
10	9	42.839931147502725	1835.2597007227741	-1.1322320591167143e-18
10	10	46.059396686475075	2121.4680231220714	4.175311872019154e-20
10	11	49.26867439491283	2427.402276631939	-1.5719639687418457e-21
10	12	52.469682152913414	2753.0675452277605	6.018857582213083e-23
10	13	55.663876181482074	3098.4671115473675	-2.3367975283473425e-24
10	14	58.85238423303676	3463.6031299129936	9.178418994580915e-26
10	15	62.03609456926357	3848.477029406613	-3.640563494668977e-27
10	16	65.21571714694421	4253.089762990234	1.4561103843273874e-28
10	17	68.3918267457048	4677.441965614503	-5.8659077037639466e-30
10	18	71.56489402531638	5121.534056854764	2.377791225906225e-31
10	19	74.73530831430487	5585.366308834207	-9.690900554448428e-33
10	20	77.90339461104088	6068.9388919235535	3.968422160683888e-34
10	21	81.06942645612514	6572.2519059250835	-1.6318940690996933e-35
10	22	84.23363580903577	7095.305401609274	6.73566396686352e-37
10	23	87.39622071771116	7638.0993957388855	-2.7893776945767217e-38
10	24	90.55735133956239	8200.633881636943	1.1585681816497595e-39
10	25	93.71717471556883	8782.908836668454	-4.824948499249216e-41
10	26	96.87581859041538	9384.92422756307	2.0142212974704058e-42
11	0	12.121819870946595	146.93851698367573	0.000547852164304216
11	1	16.959664011070267	287.630203368392	-1.7462557449941313e-06
11	2	20.748478179050565	430.49934674653747	2.3041015825441018e-08
11	3	24.29899833246019	590.4413199609031	-4.52765761054284e-10
11	4	27.733515549244505	769.1478847201868	1.0979199485538964e-11
11	5	31.098833000300406	967.1374139805736	-3.035035757267216e-13
11	6	34.41834863211406	1184.6227225617479	9.170317318590803e-15
11	7	37.705520815468994	1421.7062999657655	-2.953357735514883e-16
11	8	40.9688033127638	1678.4428448799258	9.975310400386292e-18
11	9	44.21384094599109	1954.863731197398	-3.4949241955574847e-19
11	10	47.44457755774829	2250.9879396331926	1.2602922911249801e-20
11	11	50.66386712747826	2566.8274323107726	-4.651151545741579e-22
11	12	53.873834037997796	2902.38999395373	1.749273556205535e-23
11	13	57.07609676520623	3257.680821951185	-6.682650041767438e-25
11	14	60.27191268053287	3632.703458169779	2.586609426371578e-26
11	15	63.46227506289159	4027.460356158112	-1.012350344346972e-27
11	16	66.64797999632373	4441.953237590367	3.999883438467945e-29
11	17	69.82967365250519	4876.183322415378	-1.5933465913423472e-30
11	18	73.00788642989951	5330.151480961105	6.392211162642722e-32
11	19	76.18305806746164	5803.858336510233	-2.5803652271834357e-33
11	20	79.35555642615795	6297.304335705137	1.0473095739607986e-34
11	21	82.52569174278025	6810.489797624389	-4.27128213912251e-36
11	22	85.69372759112797	7343.414948462447	1.7494334694721668e-37
11	23	88.85988941210236	7896.079946331061	-7.19271740466451e-39
11	24	92.02437122407241	8468.484899185887	2.9673800467157623e-40
11	25	95.187340954064	9060.629877905229	-1.227974263568844e-41
11	26	98.34894471173037	9672.514925910997	5.095794521375291e-43
12	0	13.168335627905744	173.40506320917177	0.0003006250483434602
12	1	18.110685392127426	327.99692537261774	-8.07859151270993e-07
12	2	21.954060244117763	481.9807612023521	9.735236196059677e-09
12	3	25.543169068033453	652.453486038141	-1.787828650645053e-10
12	4	29.00753033045398	841.4368158722077	4.105708638419594e-12
12	5	32.39702980962652	1049.567540485829	-1.0847085965967757e-13
12	6	35.736720154045585	1277.113167368568	3.1536926650799933e-15
12	7	39.041070738719164	1524.2052044256736	-9.82499010022002e-17
12	8	42.31920615740793	1790.9152097931935	3.2237168594585435e-18
12	9	45.57724222588593	2077.2850089170797	-1.1009726877004727e-19
12	10	48.81946729258469	2383.3403867317465	3.881100439975611e-21
12	11	52.04899526920291	2709.097908533507	-1.403542570550575e-22
12	12	55.26815151000333	3054.568571332683	5.1830211739467325e-24
12	13	58.47871298555444	3419.759872446853	-1.9475377677826914e-25
12	14	61.68206413870833	3804.677036411728	7.425547682180534e-27
12	15	64.87930155914856	4209.323770802936	-2.8665041279518204e-28
12	16	68.07130634079122	4633.7027469418435	1.1183719429305991e-29
12	17	71.25879534528302	5077.815914060929	-4.40352364005589e-31
12	18	74.44235830161986	5541.664709506752	1.7477380350508276e-32
12	19	77.62248515921125	6025.250202291971	-6.985267426520925e-34
12	20	80.79958658873684	6528.573192910783	2.809044564064107e-35
12	21	83.97400957352595	7051.634283854627	-1.1357877921716115e-36
12	22	87.14604942360445	7594.43393014131	4.6146443462177794e-38
12	23	90.31595914334261	8156.972475981932	-1.8830353225561503e-39
12	24	93.48395681448972	8739.250181693378	7.713746659249275e-41
12	25	96.65023147232363	9341.267243653736	-3.170969278054096e-42
12	26	99.81494782464189	9963.023809235983	1.3076544623079016e-43
13	0	14.211621356865823	201.97018159092477	0.0001657724391400459
13	1	19.254244946039233	370.7259484420773	-3.7838405868412716e-07
13	2	23.15070707265426	535.955237963844	4.17634601739998e-09
13	3	26.77771561138887	717.0460533644192	-7.180032086822342e-11
13	4	30.271589096387416	916.3691064205215	1.5631942172646497e-12
13	5	33.68513733737771	1134.688477437998	-3.9494679627335035e-14
13	6	37.04499047571335	1372.3313193456927	1.105268681419814e-15
13	7	40.366585061386154	1629.4611895181238	-3.331249343869927e-17
13	8	43.6596893959224	1906.1684781484187	1.061763152029071e-18
13	9	46.93087263081217	2202.5068058895145	-3.5342090400440927e-20
13	10	50.184755755842566	2518.5097102735735	1.2176459583170302e-21
13	11	53.42470447835252	2854.1990485992997	-4.313777273400091e-23
13	12	56.653239469833885	3209.589542426344	1.5636719071908779e-24
13	13	59.87229223592591	3584.691377584114	-5.777258639927419e-26
13	14	63.08337151004411	3979.511761074245	2.1691066915430013e-27
13	15	66.28767524366499	4394.055889209597	-8.256243671670395e-29
13	16	69.4861681853696	4828.327569085472	3.179699778751529e-30
13	17	72.67963695906812	5282.3296285019405	-1.237100005107433e-31
13	18	75.86873000635575	5756.064192777305	4.8559163605650954e-33
13	19	79.05398709458169	6249.532875550288	-1.920933152681853e-34
13	20	82.23586147598228	6762.736912696946	7.65121236807355e-36
13	21	85.41473677207426	7295.677257842735	-3.0661136801711237e-37
13	22	88.59094000781052	7848.354651467482	1.2353748615557985e-38
13	23	91.76475179257201	8420.769671552349	-5.001668873493073e-40
13	24	94.93641435789083	9012.922771133139	2.0338718763713662e-41
13	25	98.10613796516317	9624.81430643963	-8.303087051246926e-43
14	0	15.252125103194626	232.62732016349966	9.179668888445341e-05
14	1	20.391189297645493	415.8006009724121	-1.7917660757126736e-07
14	2	24.339326762422292	592.402827247966	1.8161709275699437e-09
14	3	28.003538764714282	784.1981833468554	-2.9278618494503703e-11
14	4	31.52656213602888	993.9241201168898	6.049498746560162e-13
14	5	34.963985697971985	1222.4802958879895	-1.4626179420118373e-14
14	6	38.3439458033696	1470.258179771745	3.9413651982825957e-16
14	7	41.682805426425276	1737.4562682172284	-1.1494480491679723e-17
14	8	44.99095112677302	2024.1856832916785	3.55893806234079e-19
14	9	48.275388625846034	2330.5131469764647	-1.1545169777098231e-20
14	10	51.54106012765741	2656.4808790827965	3.887032624976443e-22
14	11	54.791575167965654	3002.1167093868303	-1.3487668722001263e-23
14	12	58.029644093863126	3367.4395936604237	4.79794817015373e-25
14	13	61.257348909520886	3752.4627954227794	-1.742586645512935e-26
14	14	64.47631973260695	4157.19580626136	6.440983778762891e-28
14	15	67.68785377846208	4581.645549134464	-2.4166240704210316e-29
14	16	70.89299793781403	5025.817156610904	9.184553420828903e-31
14	17	74.0926075124901	5489.714487999905	-3.529847169129421e-32
14	18	77.28738888795971	5973.340481118717	1.3698956245385928e-33
14	19	80.47793111485412	6476.697396527205	-5.362147875583736e-35
14	20	83.66472966664305	6999.786990192462	2.114836570980449e-36
14	21	86.84820457289158	7542.610637534825	-8.397190325061221e-38
14	22	90.02871444064021	8105.16942383434	3.354255934220912e-39
14	23	93.20656742407877	8687.464210979342	-1.3470794964925256e-40
14	24	96.3820298983632	9289.495687328978	5.43614908296675e-42
14	25	99.5553333848029	9911.264405359252	-2.203369472551397e-43
15	0	16.290204642821234	265.3707673049945	5.1018905801021597e-05
15	1	21.522222174942364	463.2060473475808	-8.567778533189753e-08
15	2	25.520688555858023	651.3055443651026	7.995437979749515e-10
15	3	29.221411038921513	853.890863105604	-1.2105487125110358e-11
15	4	32.7732029370438	1074.0828307526563	2.37620748968208e-13
15	5	36.23429943040257	1312.9244552120722	-5.501428406800328e-15
15	6	39.63427726297956	1570.8759341587383	1.4281021351424607e-16
15	7	42.99038796894459	1848.1734577203756	-4.030931799818882e-18
15	8	46.31361254534995	2144.9507070007962	1.2125168868687686e-19
15	9	49.611377443264196	2461.2887718180236	-3.833364910571874e-21
15	10	52.888935161783074	2797.239462547294	1.2611082530819305e-22
15	11	56.15013135219082	3152.8372508682824	-4.285436651966739e-24
15	12	59.397860494910404	3528.105831372838	1.495786400183279e-25
15	13	62.63435106149438	3923.0619328945218	-5.339296586089906e-27
15	14	65.86135159717051	4337.717634206115	1.9424286247331679e-28
15	15	69.08025640118898	4772.0818244540105	-7.182174704755796e-30
15	16	72.29219289546103	5226.161153634546	2.6930550785344933e-31
15	17	75.49808387008036	5699.960668053689	-1.0221511246925645e-32
15	18	78.69869277945325	6193.484245194768	3.9210626673260315e-34
15	19	81.89465731930423	6706.73489744627	-1.518298699080234e-35
15	20	85.08651472525837	7239.7149880916095	5.927994517511023e-37
15	21	88.27472111191807	7792.426387386914	-2.331620495725696e-38
15	22	91.45966644907537	8364.870586976123	9.23138812164171e-40
15	23	94.64168629550613	8957.048784856994	-3.676562758871637e-41
15	24	97.82107109013629	9568.961949221497	1.4720709021486198e-42
16	0	17.326150596319643	300.1954944863475	2.8446655359489572e-05
16	1	22.64793545878289	512.9289805451954	-4.132975893245071e-08
16	2	26.6954504474499	712.647074592253	3.559224079061543e-10
16	3	30.432000628758196	926.1066622687392	-5.068650212081933e-12
16	4	34.01216888693051	1156.8276323930838	9.461681415615572e-14
16	5	37.496715307253794	1406.003658833241	-2.0991141747502123e-15
16	6	40.916596199682694	1674.1678445678883	5.251475224512308e-17
16	7	44.28991646660257	1961.5967006186333	-1.4349878632599964e-18
16	8	47.62822926824091	2268.44822322812	4.194135670118397e-20
16	9	50.93936686072626	2594.819096171657	-1.2923072110310267e-21
16	10	54.2288816558657	2940.771605645887	4.1541220225415996e-23
16	11	57.500848009094796	3306.3475217650207	-1.3823224645121144e-24
16	12	60.75833914536081	3691.5757757026836	4.733534908084046e-26
16	13	64.0037260325146	4096.476946045188	-1.6603842810827596e-27
16	14	67.23887268828629	4521.066000391573	5.944239511749245e-29
16	15	70.46526828164957	4965.354034004849	-2.1655981603234914e-30
16	16	73.68411909932846	5429.3494074440205	8.009758328033413e-32
16	17	76.89641416300593	5913.058511128539	-3.0017195437906306e-33
16	18	80.10297304864548	6416.486291232024	1.1379489609155e-34
16	19	83.30448138501127	6939.63661882569	-4.357970625060985e-36
16	20	86.50151763802504	7482.512553681557	1.68404292033775e-37
16	21	89.69457361417157	8045.116535828043	-6.559975300675544e-39
16	22	92.8840703600383	8627.450526648545	2.573743016606763e-40
16	23	96.07037063612704	9229.51611416282	-1.0163097907805186e-41
16	24	99.25378880681252	9851.314592507342	4.036554830140824e-43
17	0	18.360202516764684	337.0970364566122	1.5906247697557303e-05
17	1	23.768832149404894	564.9573817465837	-2.009553735127541e-08
17	2	27.864180156071388	776.4125357700025	1.600546834017915e-10
17	3	31.635889932906245	1000.8295318469587	-2.1469529425115637e-12
17	4	35.24403748764919	1242.1421784308213	3.815053213444646e-14
17	5	38.75179645981998	1501.7017288633162	-8.115992069358782e-16
17	6	42.19144645193512	1780.1181537065088	1.9577139844737804e-17
17	7	45.581913000212666	2077.7107927589564	-5.18043835174602e-19
17	8	48.935300601241266	2394.663644933844	1.4714606426425637e-20
17	9	52.259833273884176	2731.0901738141715	-4.419145039350295e-22
17	10	55.56135350031358	3087.064002786808	1.388025881739552e-23
17	11	58.84415725305676	3462.634842822472	-4.522683454135741e-25
17	12	62.11149129837595	3857.8373513082315	1.519278634094062e-26
17	13	65.36586522497836	4272.696336610036	-5.236231648857577e-28
17	14	68.60925560532894	4707.229954717361	1.844475545884365e-29
17	15	71.8432442636851	5161.4517463315215	-6.619989856005497e-31
17	16	75.06911466122294	5635.371976019837	2.4147812658093806e-32
17	17	78.28792075605122	6128.998536305756	-8.933714562915348e-34
17	18	81.50053725148729	6642.337572281067	3.346330388903979e-35
17	19	84.7076969462381	7175.393921935716	-1.2672339276524664e-36
17	20	87.91001895213398	7728.171432164556	4.8457542876539e-38
17	21	91.1080303221496	8300.67318918173	-1.8690742288257514e-39
17	22	94.3021828429037	8892.901688936441	7.265418687744715e-41
17	23	97.49286622508744	9504.858964782796	-2.8439721914137848e-42
18	0	19.392560385169787	376.0713982924566	8.916771441100247e-06
18	1	24.885343665465218	619.2803293483098	-9.841589321784567e-09
18	2	29.0273713073168	842.5882850128386	7.264590117657067e-11
18	3	32.83359006307103	1078.0446364297966	-9.191218401666359e-13
18	4	36.46931921837523	1330.0112442517532	1.5562085733813505e-14
18	5	40.00004371029516	1600.0034968255234	-3.1766969613028557e-16
18	6	43.459314300925804	1888.7119995066541	7.391811749823595e-18
18	7	46.86684667747301	2196.501317489763	-1.8947722198456798e-19
18	8	50.235277189697065	2523.5830743256984	5.231362237029018e-21
18	9	53.57320841338458	2870.0886597039403	-1.5315090228751616e-22
18	10	56.886763586741196	3236.103871373784	4.7004949762301454e-24
18	11	60.18045354375767	3621.6869887323755	-1.4997073388366513e-25
18	12	63.457693591776426	4026.878875987783	4.941863161102131e-27
18	13	66.72112818284769	4451.708945991993	-1.673380544037895e-28
18	14	69.97284358771844	4896.1988397513105	5.799208891754145e-30
18	15	73.21451209516967	5360.364781333746	-2.0502253006886983e-31
18	16	76.44749264932828	5844.219132369101	7.374634125515712e-33
18	17	79.6729028323117	6347.771445726983	-2.6929809863957432e-34
18	18	82.89167145318918	6871.029196303457	9.965194613568835e-36
18	19	86.10457768405925	7413.998298150194	-3.731037399805942e-37
18	20	89.3122806615427	7976.683476966175	1.41155503427576e-38
18	21	92.51534220160958	8559.088542680924	-5.390214953389612e-40
18	22	95.71424445594955	9161.216591773271	2.0755725494717422e-41
18	23	98.90940379645686	9783.070159370554	-8.052542447257304e-43
19	0	20.423393012342384	417.1149821365957	5.010010240661654e-06
19	1	25.99784308550754	675.8878450986722	-4.851645799442441e-09
19	2	30.185456094313317	911.1617596217169	3.3255263228777364e-11
19	3	34.02555235469064	1157.7382130417936	-3.9736791888657266e-13
19	4	37.68846785649712	1420.4206093702167	6.416594762517652e-15
19	5	41.24190475792425	1700.8947080616952	-1.2576754435891544e-16
19	6	44.72063661182395	1999.9353389668086	2.8243470442136564e-18
19	7	48.14514083323612	2317.95458585214	-7.015483477740264e-20
19	8	51.528567383343955	2655.1932565798184	1.8831621236108266e-21
19	9	54.879884974421756	3011.8017748057628	-5.374860133961574e-23
19	10	58.205488793607934	3387.878925702819	1.6120797060334456e-24
19	11	61.51009810934099	3783.4921694207537	-5.0364171894460876e-26
19	12	64.79729198027799	4198.689047977398	1.6279427268400622e-27
19	13	68.06984609527998	4633.503947435104	-5.415544270860796e-29
19	14	71.32995364396561	5087.962286850283	1.8462976798978684e-30
19	15	74.57937522917882	5562.083209574652	-6.428951398328825e-32
19	16	77.8195436018265	6055.881366396575	2.280069622399224e-33
19	17	81.05163865411336	6569.368128516963	-8.217224029443668e-35
19	18	84.27664226657542	7102.552431728327	3.0035529683237003e-36
19	19	87.49537916822773	7655.441375791938	-1.11166542672772e-37
19	20	90.70854787497554	8228.04065758673	4.160476642114343e-39
19	21	93.91674445535904	8820.354889093212	-1.572643497020851e-40
19	22	97.12048102305245	9432.38783414909	5.997839568387648e-42
20	0	21.452844301813368	460.2245286378463	2.8207529345329043e-06
20	1	27.106655430111097	734.7707686067714	-2.4062215503797864e-09
20	2	31.338815307223662	982.121344860276	1.534378002375832e-11
20	3	35.21217760283225	1239.897451533401	-1.733689293119657e-13
20	4	38.90188884512548	1513.356955718498	2.672307235663653e-15
20	5	42.47778169599696	1804.3619378127744	-5.032566311546693e-17
20	6	45.97580755299926	2113.7748801504235	1.0912398667400324e-18
20	7	49.41717901936074	2442.0575822315473	-2.6274943494650312e-20
20	8	52.815542570110296	2789.4815369751327	6.858791145526132e-22
20	9	56.18022136648314	3156.2172727870484	-1.9088407203471107e-23
20	10	59.51787421924196	3542.377351577507	5.595313771304971e-25
20	11	62.8334227238954	3948.0390111997353	-1.711788012185054e-26
20	12	66.13060511203275	4373.256932483612	5.427518126018797e-28
20	13	69.41232482045606	4818.070836980501	-1.7737405574514966e-29
20	14	72.68087926506875	5282.510210743501	5.948550847091331e-31
20	15	75.93811526389071	5766.597349831951	-2.039963612794044e-32
20	16	79.18553772551262	6270.349384878582	7.132797475763799e-34
20	17	82.42438754839374	6793.779662727805	-2.536741563540695e-35
20	18	85.65569864866163	7336.898710990333	9.15788181774856e-37
20	19	88.88034048626247	7899.714924953947	-3.3502455465099816e-38
20	20	92.09905029612	8482.235065447241	1.2402003511497447e-39
20	21	95.31245787082347	9084.464625377497	-4.639825997079612e-41
20	22	98.52110486286087	9706.408103398828	1.752433341627476e-42
21	0	22.481037999918875	505.3970695537965	1.591126806303595e-06
21	1	28.2120657496318	795.9206538615477	-1.2000474031787697e-09
21	2	32.48778636781459	1055.4562630807598	7.13142286125633e-12
21	3	36.39382354907511	1324.5103925212138	-7.628384989263742e-14
21	4	40.10994614084643	1608.8077794216017	1.1233708962764895e-15
21	5	43.708037216111165	1910.3925172849588	-2.0339580528122325e-17
21	6	47.22518418551891	2230.2180213561855	4.2604893385076145e-19
21	7	50.68331002388148	2568.7979149768853	-9.94750156800818e-21
21	8	54.09654167588782	2926.435821291068	2.525827924218754e-22
21	9	57.474545745662176	3303.323408670214	-6.855562845178495e-24
21	10	60.824236796553556	3699.5877818832196	1.9641792293669394e-25
21	11	64.15073295078335	4115.316538122721	-5.8846886050640206e-27
21	12	67.4579272425096	4550.5719478557185	1.8302823150311365e-28
21	13	70.74884750751279	5005.399423641299	-5.876090319517641e-30
21	14	74.025892787787	5479.832803028936	1.9384552978504726e-31
21	15	77.29099407657412	5973.8977653450165	-6.546600762538717e-33
21	16	80.54572682633028	6487.6141099818215	2.2565856483705365e-34
21	17	83.79139165648195	7020.997315729953	-7.919009642277533e-36
21	18	87.02907348960076	7574.05963245833	2.8233018717175554e-37
21	19	90.25968568904223	8146.8108606846945	-1.0207919868021258e-38
21	20	93.4840035412302	8739.258918096739	3.737244747030472e-40
21	21	96.70269002316043	9351.410257715452	-1.383677410423789e-41
21	22	99.91631588932418	9983.270180895215	5.174867410237576e-43
22	0	23.508081354196324	552.6298889555129	8.990559835419178e-07
22	1	29.314325560288882	859.3296830546061	-6.015828954739053e-10
22	2	33.632669831553514	1131.1564799982898	3.3370980018250303e-12
22	3	37.57081100729802	1411.565839746106	-3.383221032084556e-14
22	4	41.312967865978464	1706.7613138953693	4.763813564502247e-16
22	5	44.93299976950868	2018.9744682866674	-8.297719830885384e-18
22	6	48.4690911467552	2349.252796592463	1.6798335850967708e-19
22	7	51.94385210507981	2698.1637715144047	-3.804571961628416e-21
22	8	55.37187498429195	3066.0445392760566	9.39920819754374e-23
22	9	58.76315945764033	3453.108909444064	-2.488442478729351e-24
22	10	62.12486839631175	3859.499273259054	6.96952113794314e-26
22	11	65.46231094129392	4285.31415377465	-2.0450108332654044e-27
22	12	68.77953076085774	4730.623851683776	6.23950762941733e-29
22	13	72.07967687996548	5195.47981912023	-1.9679117374021308e-30
22	14	75.36524746144566	5679.920524924942	6.38574601730109e-32
22	15	78.63825569724678	6183.975259105565	-2.1237537461252065e-33
22	16	81.90034601071788	6707.666676675312	7.216308746044084e-35
22	17	85.1528774815657	7251.012543390538	-2.498662550814436e-36
22	18	88.39698502258192	7814.026961082572	8.796862306896607e-38
22	19	91.63362507754667	8396.72124485239	-3.143174379893362e-39
22	20	94.86361031544277	8999.10456208018	1.137997550932989e-40
22	21	98.08763635241722	9621.18440520404	-4.1692246945029246e-42
23	0	24.53406796988836	601.9204911511018	5.088021009328254e-07
23	1	30.413658020230688	924.9905941715425	-3.030159734792073e-10
23	2	34.77373469839818	1209.2126248745815	1.5714899653412602e-12
23	3	38.743428918561655	1501.0532843676394	-1.5116227273826577e-14
23	4	42.511251010822285	1807.2064625051387	2.036791902741615e-16
23	5	46.1529678920688	2130.0964452463336	-3.4150574079403406e-18
23	6	49.707824601332995	2470.8678265968856	6.684912482170057e-20
23	7	53.199096585504655	2830.143877513853	-1.4691713201649657e-21
23	8	56.64182739790486	3208.296610974046	3.5323827937278355e-23
23	9	60.046339993269974	3605.562946587373	-9.123989220674895e-25
23	10	63.420038504697594	4022.101283937325	2.4983689238470972e-26
23	11	66.76841786089129	4458.021623646587	-7.180237095846641e-28
23	12	70.09566838991807	4913.40272702936	2.149199155802172e-29
23	13	73.40505723252198	5388.302427309828	-6.659271729819467e-31
23	14	76.69917926247884	5882.764099537863	2.1255461745326427e-32
23	15	79.98012795977886	6396.8208684626	-6.961226864260288e-34
23	16	83.24961519014276	6930.498429306848	2.3316040383996757e-35
23	17	86.50905726171644	7483.816988310933	-7.965223402571453e-37
23	18	89.75963807873681	8056.79262802582	2.769008697311527e-38
23	19	93.00235635156407	8649.43828694331	-9.776745355509495e-40
23	20	96.23806146588707	9261.764474711857	3.5001862441177294e-41
23	21	99.4674811304651	9893.77980243943	-1.2688162429625371e-42
24	0	25.55908006796837	653.266573920818	2.8836125403171346e-07
24	1	31.510262132493434	992.8966196584497	-1.5330798995196715e-10
24	2	35.9112227873779	1289.6159220846898	7.44432879886467e-13
24	3	39.91193855489059	1592.9628392093618	-6.8009941281192145e-15
24	4	43.70506537394484	1910.1327393407923	8.775799875996748e-17
24	5	47.368213852842246	2243.747683608596	-1.4172292899073826e-18
24	6	50.94165559480151	2595.052274739372	2.6836432057358803e-20
24	7	54.44931092035083	2964.7274597010364	-5.72519380822947e-22
24	8	57.90666123765831	3353.18141569292	1.340018990003832e-23
24	9	61.324343538490986	3760.675110426861	-3.3774993582210487e-25
24	10	64.70999654437331	4187.383652772806	9.043295586014354e-27
24	11	68.06929600186217	4633.429058189129	-2.5459067951066593e-28
24	12	71.40657510993779	5098.8989689311875	7.47638863755004e-30
24	13	74.72521618404194	5583.857933751803	-2.275894656328101e-31
24	14	78.027908493326	6088.354503842855	7.145597816566817e-33
24	15	81.31682396191319	6612.4258592527785	-2.3044782833829513e-34
24	16	84.59374041595109	7156.100917561317	7.608316470438998e-36
24	17	87.86013019189389	7719.402477336544	-2.5642793181144076e-37
24	18	91.11722520736666	8302.348729489973	8.801889574088935e-39
24	19	94.36606563803696	8904.954344002299	-3.0707838700090646e-40
24	20	97.60753692699846	9527.231264955368	1.0870283583983234e-41
25	0	26.583190290065325	706.6660059978234	1.6364502337170642e-07
25	1	32.604316187981695	1063.0414340858852	-7.788693366416897e-11
25	2	37.045352368093205	1372.358132076189	3.5460908447878165e-13
25	3	41.076577040387626	1687.2851813548998	-3.07990257290973e-15
25	4	44.894656886043556	2015.5302169155782	3.8087480096332135e-17
25	5	48.578986751081544	2359.917953761756	-5.927683453007831e-19
25	6	52.170832916801196	2721.795807232787	1.0862991924669308e-20
25	7	55.69474133119308	3101.9042119485066	-2.2503697973237176e-22
25	8	59.166618657845454	3500.688763402906	5.128807714275554e-24
25	9	62.59740718459737	3918.4353862342828	-1.2617022471546952e-25
25	10	65.99497389538654	4355.336579452751	3.303804519907499e-27
25	11	69.36517063049484	4811.526896597665	-9.111956111537383e-29
25	12	72.71246984722912	5287.103271284203	2.625458974043145e-30
25	13	76.04036622205817	5782.137295184725	-7.85228281142457e-32
25	14	79.35164119618521	6296.682960528118	2.4251284118311456e-33
25	15	82.64854336052882	6830.781719617213	-7.701738136192604e-35
25	16	85.93291506733286	7384.465891969442	2.506372455381348e-36
25	17	89.20628351475489	7957.76101851483	-8.333817414116952e-38
25	18	92.46992767874244	8550.687524911857	2.8243717551767703e-39
25	19	95.72492841410255	9163.261919885057	-9.735931518903764e-41
25	20	98.97220657121657	9795.497673575564	3.407528390972776e-42
26	0	27.606463155876813	762.116807976784	9.298310673875455e-08
26	1	33.69598060879623	1135.4191091883717	-3.9723663486846236e-11
26	2	38.17632119700947	1457.4315001372347	1.6980051705251756e-13
26	3	42.23756032011014	1784.0115017949427	-1.4033738058900407e-15
26	4	46.08025043118638	2123.3894798008523	1.664399920232185e-17
26	5	49.785515160325325	2478.5975197789826	-2.4977545477357146e-19
26	6	53.39558555864268	2851.088557150331	4.431826798567782e-21
26	7	56.9356150780216	3241.66426431264	-8.918152315028674e-23
26	8	60.421923739338794	3650.808868362473	1.9796830368802335e-24
26	9	63.865750852538746	4078.8341319585534	-4.754256214673047e-26
26	10	67.27518566201023	4525.950605857947	1.217684932885571e-27
26	11	70.65625160843396	4992.305891354327	-3.290522544054552e-29
26	12	74.01355696192752	5478.006614156489	9.303346917194633e-31
26	13	77.35070606835593	5983.131729273196	-2.7339123753096323e-32
26	14	80.67057040715606	6507.740929815924	8.305960820415667e-34
26	15	83.97547352431013	7051.880153632112	-2.5975829449317553e-35
26	16	87.26732091168014	7615.585299102167	8.33231465970157e-37
26	17	90.5476934970622	8198.88479763792	-2.733242457031321e-38
26	18	93.81791638417288	8801.801434667654	9.14557174736298e-40
26	19	97.07911033770976	9424.353663961227	-3.114814565999321e-41
27	0	28.62895625089311	819.6171360155518	5.289355454651938e-08
27	1	34.78540031392939	1210.0240750003186	-2.033360777985328e-11
27	2	39.30430907295884	1544.8287117026744	8.170730599164405e-14
27	3	43.39508567870267	1883.1334610619456	-6.431796942369676e-16
27	4	47.262052255191996	2233.701583372499	7.320699328631118e-18
27	5	50.98800939791351	2599.777102361716	-1.0599044125482373e-19
27	6	54.61612483336696	2982.9210918139233	1.8215992071172714e-21
27	7	58.17214242848455	3383.998154719892	-3.561879885518715e-23
27	8	61.672784311910476	3803.532324783431	7.703258549476392e-25
27	9	65.12957897520637	4241.862057487644	-1.8063385375467227e-26
27	10	68.55083222347018	4699.216598530357	4.526027216577289e-28
27	11	71.94273482104437	5175.75709353111	-1.1984875675843763e-29
27	12	75.31002756329472	5671.600251584211	3.325279880595359e-31
27	13	78.65642189029822	6186.8327045845845	-9.601873993871388e-33
27	14	81.98487727223852	6721.520101344012	2.8697599791485676e-34
27	15	85.29779056253633	7275.713074850312	-8.838124400191985e-36
27	16	88.59712905368613	7849.4512765555155	2.7944616188448076e-37
27	17	91.88452630601911	8442.766174481518	-9.043182046049975e-39
27	18	95.1613526459091	9055.683037399072	2.987447757166777e-40
27	19	98.42876799687089	9688.222369381834	-1.0052513380922934e-41
28	0	29.650721202561137	879.1652678320086	3.012069428974615e-08
28	1	35.8727067011947	1286.8510860699391	-1.044396632568766e-11
28	2	40.42948000123168	1634.5428531699924	3.949982611411944e-14
28	3	44.54933388925963	1984.6431499767364	-2.9639948384049747e-16
28	4	48.44025203256522	2346.458016978439	3.2398116714281226e-18
28	5	52.186663482777746	2723.4478454646883	-4.5277420123475845e-20
28	6	55.83264621325189	3117.2843831741507	7.540517318222157e-22
28	7	59.40451837222796	3528.8968030363694	-1.433198473649898e-23
28	8	62.91939354728206	3958.8500843577594	3.0205878826183165e-25
28	9	66.3890819738667	4407.510205332792	-6.917444971169744e-27
28	10	69.82210060001353	4875.125732198409	1.6959052985168744e-28
28	11	73.2248034401228	5361.87183884462	-4.40109025968687e-30
28	12	76.60206067637128	5867.875699866468	1.198443240575998e-31
28	13	79.95768837865889	6393.231930858722	-3.400622278312487e-33
28	14	83.29473204333615	6938.012386171171	9.998924099312653e-35
28	15	86.61566024587475	7502.272599828808	-3.0326035070727595e-36
28	16	89.92250078712418	8086.056147810348	9.451514085093398e-38
28	17	93.21693879777874	8689.397678828827	-3.017415991439989e-39
28	18	96.50038894767769	9312.325067053074	9.841372143664832e-41
28	19	99.77404958707815	9954.86097100473	-3.2717029496114546e-42
29	0	30.671804488840383	940.759590601649	1.7169602256502716e-08
29	1	36.958019318298035	1365.8951919316908	-5.381661463503836e-12
29	2	41.5519840367051	1726.5673773865956	1.9179264758329205e-14
29	3	45.70047105645726	2088.5330547820877	-1.3730415058801448e-16
29	4	49.61502464925189	2461.650670945873	1.442195098988022e-18
29	5	53.3816568322491	2849.601286156007	-1.946491846935645e-20
29	6	57.045330929444496	3254.169780849837	3.1425435084520585e-22
29	7	60.63292411952581	3676.3514872841747	-5.8077409886984996e-24
29	8	64.16193135720304	4116.753435486436	1.193154967912826e-25
29	9	67.64443755871613	4575.769932635046	-2.6691478150443367e-27
29	10	71.08916566047382	5053.669474302291	6.403827159636465e-29
29	11	74.50262904383527	5550.641734443327	-1.6289138850862455e-30
29	12	77.889824279996	6066.824726368655	4.353737051097717e-32
29	13	81.25466970950409	6602.321349600601	-1.214086050184967e-33
29	14	84.60029496965417	7157.209908952493	3.5121531305752527e-35
29	15	87.9292388327086	7731.551041699511	-1.0490578144886992e-36
29	16	91.24358836122522	8325.392417032715	3.2228632627617327e-38
29	17	94.54507922864512	8938.772006350784	-1.0150549550845906e-39
29	18	97.83516959514301	9571.720409710397	3.2685091378668323e-41
