m	n	lambda	sq_lambda	C
0	1	3.0114612170483257	9.068898661786182	-0.08380984999418122
0	2	6.205398340493136	38.50696856419496	0.003119140729870012
0	3	9.370844486636674	87.81272639272895	-0.00012769548659518552
0	4	12.525181124155868	156.88016219291043	5.368362588898436e-06
0	5	15.674661491611058	245.6950128765946	-2.281499629760059e-07
0	6	18.82161079795036	354.2530330295216	9.749511540536862e-09
0	7	21.967077261481027	482.5524834118768	-4.179441685660179e-10
0	8	25.11160120704383	630.5925151816051	1.795215990010249e-11
0	9	28.25548909120604	798.3726637832635	-7.721346217894124e-13
0	10	31.39892758208935	985.8926533052913	3.324109112740339e-14
0	11	34.542036845703336	1193.1523094499269	-1.4320347979598139e-15
0	12	37.684897726517995	1420.1515166581212	6.172405300768235e-17
0	13	40.827566609715376	1666.8901952707458	-2.6615022781459825e-18
0	14	43.970084018382295	1933.368288583598	1.1479798385331758e-19
0	15	47.11247982361246	2219.585755130291	-4.9527892371049326e-21
0	16	50.254776528043465	2525.542563883588	2.1372406837786858e-22
0	17	53.39699140554277	2851.2386911636086	-9.224218241839312e-24
0	18	56.53913793633348	3196.674118583744	3.9816788377318205e-25
0	19	59.68122679410347	3561.8488316492144	-1.7189129924484113e-26
0	20	62.82326654018604	3946.762818779259	7.4213848791613785e-28
0	21	65.9652641214244	4351.416070609281	-3.204448065715251e-29
0	22	69.10722523358191	4775.808579485021	1.3837374241186481e-30
0	23	72.24915459082526	5219.9403390889665	-5.97560833969853e-32
0	24	75.39105612843453	5683.811344160766	2.580685406035327e-33
0	25	78.53293315727365	6167.421590284811	-1.114575727187891e-34
0	26	81.67478848290638	6670.7710737274965	4.8139678947715516e-36
0	27	84.81662449844319	7193.859791309914	-2.079283836931534e-37
0	28	87.9584432576484	7736.687740308953	8.981306799766303e-39
0	29	91.10024653302683	8299.254918378268	-3.8795279849005824e-40
0	30	94.24203586237539	8881.561323485248	1.6758320519216513e-41
0	31	97.38381258638603	9483.606953860357	-7.239243101982523e-43
1	1	4.529137545457909	20.513086905676488	-0.01900715811674783
1	2	7.736864212919661	59.85906784915697	0.0007049926368300231
1	3	10.909100408233405	119.00847171691824	-2.844732707510232e-05
1	4	14.068580950870512	197.92496997119665	1.1822909413317645e-06
1	5	17.221917545248704	296.59444393534517	-4.982039473386403e-08
1	6	20.371815886817213	415.0108825263782	2.115338563883913e-09
1	7	23.519594462975416	553.1713237028239	-9.023015245074262e-11
1	8	26.66597349464839	711.0741424172905	3.860372419057479e-12
1	9	29.811379930764875	888.7183733764108	-1.655032778310276e-13
1	10	32.95608300758676	1086.103407202949	7.106086661568825e-15
1	11	36.10026094460032	1303.2288402682352	-3.054460532855124e-16
1	12	39.24403642108696	1540.0943946195998	1.3140287533723605e-17
1	13	42.387496654060236	1796.6998725979677	-5.656673308730588e-19
1	14	45.530705351394246	2073.0451297954805	2.4363782207875895e-20
1	15	48.673710134454154	2369.130058252865	-1.0498134894043077e-21
1	16	51.81654731493833	2684.954575641243	4.5251223157626617e-23
1	17	54.95924506469911	3020.5186180816536	-1.9510735037265298e-24
1	18	58.10182557588385	3375.8221352504306	8.4143769013584e-26
1	19	61.24430656774873	3750.8650869643902	-3.629604399030279e-27
1	20	64.38670235964054	4145.64744074894	1.5659313026454642e-28
1	21	67.52902464921267	4560.169170073973	-6.756964953174592e-30
1	22	70.67128308622425	4994.430253053246	2.9159998664393263e-31
1	23	73.81348570194041	5448.430671470561	-1.25855731212116e-32
1	24	76.95563923483192	5922.170410041602	5.432529821990977e-34
1	25	80.0977493806585	6415.649455846779	-2.3451453599057507e-35
1	26	83.23982098665806	6928.86779789088	1.0124453895817058e-36
1	27	86.38185820389397	7461.825426757644	-4.3712327592218547e-38
1	28	89.52386460791402	8014.52233433612	1.8873982718488097e-39
1	29	92.66584329515415	8586.958513602065	-8.149814227254285e-41
1	30	95.80779696059093	9179.133958441818	3.5192814555596495e-42
1	31	98.9497279607647	9791.04866350934	-1.5197786240234194e-43
2	0	2.2939130236989866	5.262036960295828	0.22190516170872043
2	1	5.93654113120486	35.24252060248708	-0.005565361960974518
2	2	9.185643037123839	84.37603800546167	0.0001898219689121042
2	3	12.382603417314458	153.3288673904877	-7.258223058351959e-06
2	4	15.558493097319355	242.066707459334	2.910576629582635e-07
2	5	18.723514388708434	350.56999106417175	-1.195877912592051e-08
2	6	21.88215396014702	478.8286619355778	4.983301388525933e-10
2	7	25.03671651673259	626.8371739392304	-2.095151714707681e-11
2	8	28.188512618372943	794.5922436361707	8.861640965737512e-13
2	9	31.33834407635453	982.0918094479852	-3.7639630829655075e-14
2	10	34.48672952790552	1189.3345135309103	1.6036763080181378e-15
2	11	37.63401952680765	1416.3194257441394	-6.848537989663156e-17
2	12	40.780459631868005	1663.045887786416	2.9299410012514648e-18
2	13	43.926227026137454	1929.5134207517685	-1.255262970937094e-19
2	14	47.07145279214868	2215.721667963482	5.3839856868427355e-21
2	15	50.216236003306996	2521.6703583398257	-2.311399225016778e-22
2	16	53.36065293998752	2847.3592821817983	9.930652075747081e-24
2	17	56.504763292447045	3192.788274735471	-4.269309021195565e-25
2	18	59.648614441292494	3557.9572047659676	1.8364162718849815e-26
2	19	62.79224447690532	3942.865966447446	-7.902848702419432e-28
2	20	65.93568437119886	4347.514473498358	3.402256327592421e-29
2	21	69.07895956707416	4771.902654869467	-1.4652041234692183e-30
2	22	72.2220911600086	5216.0304515245925	6.311867403073011e-32
2	23	75.3650967889308	5679.897814004908	-2.719758154167031e-33
2	24	78.50799131656967	6163.504700562579	1.1722007081023578e-34
2	25	81.65078735514103	6666.851075714459	-5.053142856095197e-36
2	26	84.79349567690639	7189.936909109542	2.178709783206419e-37
2	27	87.93612553799123	7732.762174633353	-9.395222770410593e-39
2	28	91.07868493612544	8295.326849694004	4.052075161723848e-40
2	29	94.22118081751736	8877.630914647301	-1.747850914270038e-41
2	30	97.36361924420933	9479.674352331369	7.5401907526049e-43
3	0	3.4991276424209237	12.243894257954212	0.09635689894513047
3	1	7.274683338640063	52.921017677487335	-0.0018637187493321767
3	2	10.578455317809626	111.90371691089474	5.7156512470854726e-05
3	3	13.808494235414031	190.67451304946252	-2.039566326569132e-06
3	4	17.006916791928774	289.2352187675889	7.797515288280193e-08
3	5	20.188348188089563	407.56940256353914	-3.0942644534817085e-09
3	6	23.359493305225953	545.6659274768962	1.2557669017207984e-10
3	7	26.523909912252353	703.5177970332786	-5.171256674778323e-12
3	8	29.683674281782412	881.1205188669506	2.1509728994665557e-13
3	9	32.840083838860785	1078.4711065434053	-9.011422301948492e-15
3	10	35.99399264635542	1295.5675066258882	3.7954649652640805e-16
3	11	39.14598656415912	1532.408264081326	-1.6050916483164214e-17
3	12	42.296481183017775	1788.9923204653767	6.809413041533044e-19
3	13	45.445779650342274	2065.318888027464	-2.896093839283812e-20
3	14	48.5941083739897	2361.387368663056	1.2342383013093373e-21
3	15	51.74163990664461	2677.197300228878	-5.2687747976486693e-23
3	16	54.88850808743723	3012.7483200646625	2.2522748920835606e-24
3	17	58.03481833894307	3368.0401396341226	-9.639125512450118e-26
3	18	61.18065483903121	3743.0725265326732	4.129347012143617e-27
3	19	64.32608562228455	4137.845291485483	-1.7704781468796141e-28
3	20	67.471166277121	4552.35827879491	7.596518700188738e-30
3	21	70.61594267031218	4986.611359216817	-3.2614583902641822e-31
3	22	73.76045298515243	5440.604424574882	1.4010306838069585e-32
3	23	76.9047292670505	5914.337383638333	-6.0213382379837195e-34
3	24	80.04879861016332	6407.810158930484	2.5889489747014327e-35
3	25	83.19268407878131	6921.022684231913	-1.1135718396181546e-36
3	26	86.33640543020468	7453.974902608676	4.791367346001985e-38
3	27	89.47997968730043	8006.666764839697	-2.0622051166428234e-39
3	28	92.6234215960225	8579.098228154526	8.878143506517995e-41
3	29	95.76674399398821	9171.269255210078	-3.8231280611324745e-42
3	30	98.90995810966929	9783.179813256535	1.6466899876461934e-43
4	0	4.639743227306953	21.52721721534074	0.04582458437743138
4	1	8.566114413137715	73.3783161389657	-0.0006789045397435593
4	2	11.930160985043079	142.32874112904406	1.861713995457944e-05
4	3	15.197488495112244	230.96365655906902	-6.163234456207872e-07
4	4	18.421958666484674	339.36856110966977	2.2330255299474425e-08
4	5	21.622768515523823	467.5441182759283	-8.511307341865283e-10
4	6	24.8089419463804	615.483600498873	3.3477375677221033e-11
4	7	27.98537253519563	783.1810759336819	-1.3445414073939807e-12
4	8	31.154969281387288	970.6321109241856	5.4794140911873084e-14
4	9	34.31957862422478	1177.8334769443466	-2.2568406498993063e-15
4	10	37.4804323734926	1404.782810903952	9.369653962291436e-17
4	11	40.63838528955486	1651.478358942309	-3.9138677919991075e-18
4	12	43.79404980519421	1917.9187983398313	1.642783657980229e-19
4	13	46.947876582158365	2204.1031155735736	-6.92196520218596e-21
4	14	50.10020481350359	2510.030522355008	2.925772385623283e-22
4	15	53.251294792513306	2835.7003970791548	-1.2398651856080596e-23
4	16	56.40134965915828	3181.1122433746336	5.265564784981495e-25
4	17	59.550530310841644	3546.2656603024693	-2.2402932963326368e-26
4	18	62.69896586552133	3931.160320605809	9.546329369582245e-28
4	19	65.84676115503936	4335.7959546088005	-4.073278642047012e-29
4	20	68.99400218958627	4760.172338136635	1.740002373304465e-30
4	21	72.1407602076708	5204.289283340658	-7.440274542477375e-32
4	22	75.28709472179268	5668.146631648184	3.184253192543416e-33
4	23	78.43305583928208	6151.7442482879405	-1.3638306144435568e-34
4	24	81.57868605215461	6655.082017996005	5.845331247331289e-36
4	25	84.72402163268714	7178.159841616039	-2.506807401941905e-37
4	26	87.86909373258685	7720.977633386133	1.0756423926440867e-38
4	27	91.01392925675812	8283.535318754171	-4.617700440515091e-40
4	28	94.15855156387514	8865.832832606933	1.983232005152195e-41
4	29	97.30298103256675	9467.870117824044	-8.521046240830885e-43
5	0	5.749942903008283	33.061843387855326	0.022795918326933586
5	1	9.823823118530752	96.50750066417928	-0.0002622548842618812
5	2	13.250092007033242	175.5649381948462	6.431578800462885e-06
5	3	16.55682714453197	274.12852509391064	-1.9717348565315846e-07
5	4	19.809403129049453	392.41245232919425	6.7506698406732195e-09
5	5	23.031496180295182	530.4498163029516	-2.4636109523828275e-10
5	6	26.234421444183564	688.2448685110385	9.362239884770619e-12
5	7	29.42441128179389	865.7959792801596	-3.656574548530791e-13
5	8	32.60522234641096	1063.1005242588967	1.4561190112845133e-14
5	9	35.77926835984024	1280.1560443654648	-5.881917666897052e-16
5	10	38.948176869317834	1516.9604814436648	2.4018075919255978e-17
5	11	42.113087885487005	1773.5121712507523	-9.890166007813842e-19
5	12	45.27482501629347	2049.809780255993	4.099746630145743e-20
5	13	48.43399879157001	2345.8522389418054	-1.7085895586026346e-21
5	14	51.591071757265176	2661.6386850632844	7.15190636023877e-23
5	15	54.74640096470468	2997.1684185882173	-3.0045722926998535e-24
5	16	57.9002665520988	3352.440866804091	1.2660899377424195e-25
5	17	61.05289147542064	3727.45555750949	-5.348899051610833e-27
5	18	64.20445544050777	4122.212098412148	2.26474222904033e-28
5	19	67.35510493816591	4536.710161231342	-9.607153031756831e-30
5	20	70.50496060104956	4970.949469355551	4.0820927361019e-31
5	21	73.65412268293592	5424.929788192976	-1.7369708672135313e-32
5	22	76.80267519801365	5898.65091757158	7.4002739717870345e-34
5	23	79.95068908839188	6392.112685708705	-3.156346283253229e-35
5	24	83.09822467653191	6905.314944391377	1.3475618495058763e-36
5	25	86.24533358446942	7438.257565096409	-5.758289864714357e-38
5	26	89.39206025059661	7990.940435846295	2.4625164226209963e-39
5	27	92.53844313929356	8563.363458644268	-1.053831068613725e-40
5	28	95.68451571372273	9155.526547369653	4.512727253166837e-42
5	29	98.83030722424616	9767.429626038882	-1.933557886325e-43
6	0	6.841689469264052	46.808714793838625	0.01166054688773483
6	1	11.055922721603705	122.23342722607309	-0.00010583920203966462
6	2	14.544567807892761	211.54445271839046	2.326659698746554e-06
6	3	17.8916782090537	320.11214913632705	-6.606048202694353e-08
6	4	21.17354985408388	448.3192134233755	2.134715685681558e-09
6	5	24.418154401758674	596.2462643881265	-7.446005918488542e-11
6	6	27.63902016258829	763.9154355479621	2.728541198660587e-12
6	7	30.843686178625347	951.3329770855242	-1.0342748637192869e-13
6	8	34.0367462468809	1158.5000950745612	4.0168876710093516e-15
6	9	37.22118100821416	1385.4163156462425	-1.5884821284280413e-16
6	10	40.39901796881415	1632.0806528445685	6.3689208082332925e-18
6	11	43.571688457555375	1898.4920350422642	-2.5812757714843757e-19
6	12	46.74023382530351	2184.6494580440467	1.0552080388020676e-20
6	13	49.905430890713724	2490.5520323878036	-4.343790012396741e-22
6	14	53.067871535573765	2816.1989893161604	1.798405677471621e-23
6	15	56.22801500502294	3161.589671405085	-7.481298407305648e-25
6	16	59.38622330585361	3526.723518532711	3.124697557328737e-26
6	17	62.54278578316916	3911.600053519386	-1.3095384963052774e-27
6	18	65.69793656628026	4316.2188690669855	5.504219739341208e-29
6	19	68.85186719671871	4740.579616474591	-2.3193549153994586e-30
6	20	72.00473592845836	5184.681996127022	9.79466636173541e-32
6	21	75.15667468413963	5648.525749577595	-4.144231817456314e-33
6	22	78.30779433104564	6132.110652993344	1.756428501663988e-34
6	23	81.45818873347345	6635.43651173818	-7.455288510564392e-36
6	24	84.60793790120172	7158.503155893607	3.168648234664409e-37
6	25	87.75711046147501	7701.3104365475265	-1.348334193193042e-38
6	26	90.90576561863834	8263.858222710809	5.7435694745723516e-40
6	27	94.05395472146192	8846.146398746809	-2.448955982595742e-41
6	28	97.20172252702525	9448.174862220809	1.0450925551701902e-42
7	0	7.920820339253753	62.73939484673594	0.006080577016021018
7	1	12.267829693713963	150.49964539397004	-4.4198107971108744e-05
7	2	15.818100041506142	250.21228892309662	8.736479533311567e-07
7	3	19.205883771441908	368.8659714421356	-2.2996908266135037e-08
7	4	22.51769831129267	507.0467372383927	7.01252515981746e-10
7	5	25.785595873807598	664.8969545673234	-2.3357953519392276e-11
7	6	29.025221709369788	842.4634952780713	8.243660855911458e-13
7	7	32.245374635112576	1039.7641853587616	-3.0287009650378164e-14
7	8	35.45146285947305	1256.8062188765969	1.1456373271622631e-15
7	9	38.64702373082111	1493.5924432506501	-4.4292035898613784e-17
7	10	41.83448111987987	1750.1238105695852	1.7414478895745598e-18
7	11	45.01555757319452	2026.4004236255905	-6.93820318944576e-20
7	12	48.19151388227518	2322.4220102655217	2.7938025903820556e-21
7	13	51.36329571613106	2638.1881468227275	-1.1347532590187087e-22
7	14	54.53162720018081	2973.6983650994994	4.642045621244792e-24
7	15	57.69707274292198	3328.9522031020306	-1.9103346914147918e-25
7	16	60.86007909863831	3703.9492278925118	7.901291084350819e-27
7	17	64.0210047129404	4098.689044454336	-3.282098928868354e-28
7	18	67.18014064871008	4513.1712975804685	1.3683833734939307e-29
7	19	70.33772579769074	4947.395670391129	-5.723361472653765e-31
7	20	73.49395812822125	5401.361881352738	2.4005105226890805e-32
7	21	76.64900312964984	5875.069680769071	-1.0092906792009495e-33
7	22	79.80300023956292	6368.5188472356795	4.2526909529410864e-35
7	23	82.95606779672822	6881.709184295369	-1.7953124833064085e-36
7	24	86.10830690122926	7414.640517396286	7.591965984833568e-38
7	25	89.25980445408685	7967.312691181822	-3.215352135312276e-39
7	26	92.41063557354606	8539.725567106736	1.3636271581767255e-40
7	27	95.56086553268024	9131.879021354995	-5.79024765896537e-42
7	28	98.71055132572744	9743.772943029071	2.461399276080235e-43
8	0	8.990690252576425	80.83251121777273	0.00321623050007791
8	1	13.463350936053658	181.2618184273369	-1.8972405031620802e-05
8	2	17.074039703120338	291.52283178372966	3.3835009410606904e-07
8	3	20.502392096605657	420.34808168295814	-8.269230720278649e-09
8	4	23.844445945470355	568.5576024464576	2.3802752738333843e-10
8	5	27.136114201503315	736.3686939570299	-7.568823196849117e-12
8	6	30.395058625249508	923.8595888323545	2.570963338507737e-13
8	7	33.631285657016164	1131.0633749438211	-9.14708501950925e-15
8	8	36.850989725593784	1357.9954437558188	3.3665916936429465e-16
8	9	40.058249636561584	1604.6633639450863	-1.2712210093737929e-17
8	10	43.25587765632337	1871.0709518188155	4.896380482408636e-19
8	11	46.44588376616995	2157.220118820569	-1.9158347193337015e-20
8	12	49.629746842194976	2463.111771620362	7.591811977653168e-22
8	13	52.80858144878553	2788.746274633015	-3.0397483662330595e-23
8	14	55.98324479206704	3134.1236974485014	1.2276229581132008e-24
8	15	59.1544077073036	3499.243951201899	-4.9937295472454743e-26
8	16	62.32260316528843	3884.1068652980193	2.0438026236367217e-27
8	17	65.48826025391433	4288.712231084416	-8.408556690146497e-29
8	18	68.65172850520555	4713.059826752453	3.475031438522866e-30
8	19	71.81329564486208	5157.149431376367	-1.4417587963489054e-31
8	20	74.97320076258121	5620.980832586309	6.002174845197477e-33
8	21	78.13164423257292	6104.553830485346	-2.5062664078925223e-34
8	22	81.28879528785869	6607.868239351397	1.0492930223526371e-35
8	23	84.44479787438102	7130.923888045066	-4.40340298604311e-37
8	24	87.59977522620001	7673.720619680765	1.851790802603342e-38
8	25	90.75383347768582	8236.258290895526	-7.802115222618692e-40
8	26	93.90706454214255	8818.536770922126	3.292817142865779e-41
8	27	97.05954842562552	9420.555940586346	-1.3918301484005596e-42
9	0	10.053428971011124	101.0714340751658	0.001719968939601107
9	1	14.64527179783833	214.48398603255873	-8.331592073329736e-06
9	2	18.314953774058193	335.43753174588846	1.3450899815325309e-07
9	3	21.78352366659282	474.5219033330095	-3.0573614400550973e-09
9	4	25.155880847908545	632.818341234172	8.313016138510514e-11
9	5	28.471586092070332	810.6312145981727	-2.523614704897008e-12
9	6	31.750219224757945	1008.076420820189	8.247687074438861e-14
9	7	35.00294149346242	1225.2059131947533	-2.8400966794779673e-15
9	8	38.23670342261344	1462.0454886288983	1.0164063723758813e-16
9	9	41.45610766885046	1718.6088630513216	-3.7456892331279765e-18
9	10	44.66434457731577	1994.9036765211963	1.4122939462412024e-19
9	11	47.86370562785212	2290.934316429683	-5.422791331334588e-21
9	12	51.05588452942452	2606.70334508193	2.1131115668831938e-22
9	13	54.24216315294132	2942.2122635103055	-8.3345698992106e-24
9	14	57.42353122939188	3297.461938852944	3.3206489854274915e-25
9	15	60.60076610280165	3672.4528522464734	-1.3342832278964868e-26
9	16	63.7744874292012	4067.185246857342	5.400139254826636e-28
9	17	66.94519563329716	4481.65921838043	-2.1991085872857794e-29
9	18	70.11329953302659	4915.874771407907	9.003427504152423e-31
9	19	73.27913656046155	5369.831855046773	-3.703284256881376e-32
9	20	76.44298781219052	5843.530385654709	1.5294422398649346e-33
9	21	79.60508941920497	6336.970261439619	-6.339208937928915e-35
9	22	82.76564125193403	6850.151371843844	2.6358127253500172e-36
9	23	85.92481366607588	7383.07360354986	-1.0990551491565468e-37
9	24	89.08275278792351	7935.736844274294	4.5943015965936126e-39
9	25	92.23958469717545	8508.140985107402	-1.924873359138846e-40
9	26	95.39541876784695	9100.285921892886	8.081090495351583e-42
9	27	98.55035035946919	9712.17155597413	-3.3988966624934046e-43
10	0	11.110483318288118	123.44283956595855	0.0009279024662504989
10	1	15.815696624346646	250.1362597133699	-3.7296314121805322e-06
10	2	19.542858122089516	381.92330358012015	5.468803302506209e-08
10	3	23.05114319706604	531.355202691644	-1.1581047595897803e-09
10	4	26.453711286249163	699.7988408162264	2.9770362763763673e-11
10	5	29.793570162143883	887.6568230065903	-8.630536473715088e-13
10	6	33.092123948561834	1095.0886674269798	2.7136653227263564e-14
10	7	36.361637399401275	1322.1686743655375	-9.041483263218765e-16
10	8	39.60978691968741	1568.9352198230397	3.144904757059259e-17
10	9	42.841680565476004	1835.4095936742845	-1.1305145901145536e-18
10	10	46.06087530263464	2121.604233644858	4.170221355448445e-20
10	11	49.26993697234809	2427.5266892591535	-1.5704082329662923e-21
10	12	52.47076971682238	2753.1816746758045	6.013985827148263e-23
10	13	55.664820078044436	3098.5721943210588	-2.3352421564617634e-24
10	14	58.85320882576533	3463.700189089142	9.1733772229758e-26
10	15	62.03681907956128	3848.566921510219	-3.6389100612232285e-27
10	16	65.21635694060387	4253.173212604251	1.4555635488831712e-28
10	17	68.3923942510697	4677.519591393752	-5.864089348044151e-30
10	18	71.56539940077748	5121.606391392802	2.377185144520887e-31
10	19	74.73575994163524	5585.43381405373	-9.688882248368543e-33
10	20	77.90379946545067	6069.001971153153	3.967753218404359e-34
10	21	81.06979038758273	6572.310913486601	-1.6316744625428795e-35
10	22	84.23396375874587	7095.360650509713	6.734954573250139e-37
10	23	87.39651688655191	7638.151163901352	-2.789154446313168e-38
10	24	90.55761932047949	8200.68241699288	1.1585008754333336e-39
10	25	93.71741759861465	8782.954361353126	-4.824760391989541e-41
10	26	96.87603904680547	9384.96694139818	2.0141763958822418e-42
11	0	12.162885947272716	147.93579456636414	0.0005041979328227496
11	1	16.976257356065155	288.19331381935626	-1.6972154306525507e-06
11	2	20.75936854738045	430.95138248596874	2.2673800687210622e-08
11	3	24.30677537424466	590.8193290939865	-4.4813149320452494e-10
11	4	27.73935569933776	769.4718546143823	1.0901498364304452e-11
11	5	31.103377524154155	967.4200934100578	-3.0194139356031924e-13
11	6	34.4219812323534	1184.8727919604898	9.134701586495315e-15
11	7	37.708486283372046	1421.9299377832579	-2.9444589690179793e-16
11	8	40.97126560469692	1678.6446052506205	9.951484380425418e-18
11	9	44.21591420288519	1955.0470687969041	-3.4881933874734677e-19
11	10	47.446343787534204	2251.1555388048855	1.2583083558567872e-20
11	11	50.665386820357995	2566.9814216565055	-4.645100520083394e-22
11	12	53.87515281625222	2902.532090974529	1.7473758905389065e-23
11	13	57.077249700595175	3257.812433384092	-6.676561043051765e-25
11	14	60.27292718427398	3632.8257513607937	2.584618370868257e-26
11	15	63.46317287186819	4027.5743109646264	-1.0116890098756442e-27
11	16	66.64877856996245	4442.059684867885	3.997658190143501e-29
11	17	69.83038717532087	4876.282973055217	-1.5925898568562477e-30
11	18	73.00852654410264	5330.244948140939	6.38961563054944e-32
11	19	76.18363441699731	5803.946152982697	-2.5794689938050745e-33
11	20	79.35607706660349	6297.386967400712	1.046998565139686e-34
11	21	82.52616345424465	6810.567654476706	-4.270199343703829e-36
11	22	85.69415611996442	7343.488393112835	1.7490559011585792e-37
11	23	88.86027965966738	7896.149301194297	-7.191401197207667e-39
11	24	92.02472739560616	8468.550452235628	2.9669222841261173e-40
11	25	95.18766667719635	9060.691887449037	-1.2278158155043566e-41
11	26	98.34924313161012	9672.57362456056	5.095250342744796e-43
12	0	13.211402292297732	174.5411505289298	0.0002756146033540296
12	1	18.128247326609948	328.63335113474074	-7.834191938060684e-07
12	2	21.965802605065214	482.49648408468977	9.563723121008812e-09
12	3	25.55168533387554	652.8886234013903	-1.7671957152730895e-10
12	4	29.01400698678104	841.8126014289791	4.072418641292782e-12
12	5	32.402123421885065	1049.8976022470727	-1.0782236132278049e-13
12	6	35.74082923330543	1277.4068742843003	3.139288156034945e-15
12	7	39.04445266549406	1524.4692839480065	-9.789764524581938e-17
12	8	42.32203512856568	1791.1546574235474	3.2144495294758383e-18
12	9	45.57964060099105	2077.5036373155117	-1.0983914356934017e-19
12	10	48.82152367013866	2383.5411734739096	3.873576057105003e-21
12	11	52.05077544926604	2709.2832248699165	-1.401266692391801e-22
12	12	55.269705423162776	3054.740337563189	5.175925020468582e-24
12	13	58.48007922711113	3419.919666409195	-1.9452685394722116e-25
12	14	61.683273025066825	3804.8261710849365	7.418135346531729e-27
12	15	64.88037724160019	4209.463351012351	-2.864039047020653e-28
12	16	68.07226830055588	4633.833711582864	1.1175395321037709e-29
12	17	71.25965947205295	5077.939068072945	-4.400675906798316e-31
12	18	74.44313768543732	5541.7807484529785	1.7467529145232797e-32
12	19	77.6231906810913	6025.359731513059	-6.981827125925836e-34
12	20	80.80022736746623	6528.676742634239	2.807833414568837e-35
12	21	83.97459330801989	7051.732321247339	-1.1353585139233347e-36
12	22	87.14658265830985	7594.526869021632	4.613114259321497e-38
12	23	90.31644747618692	8157.060684718831	-1.88248747230289e-39
12	24	93.48440506141101	8739.333989685969	7.711778176829604e-41
12	25	96.65064379862238	9341.346946688183	-3.1702602056997965e-42
12	26	99.81532785071903	9963.099673946526	1.3073986618940583e-43
13	0	14.25661696225555	203.25112720847264	0.00015142990356450717
13	1	19.272710431450776	371.4373673745515	-3.6616359161191e-07
13	2	23.163250483258167	536.5361729501598	4.096031638375017e-09
13	3	26.78693619884309	717.5399509208903	-7.088020528871438e-11
13	4	30.278679542142275	916.798434815745	1.5489259981193536e-12
13	5	33.69076578755194	1135.0676993516802	-3.9225784604732625e-14
13	6	37.049567557899294	1372.670456227344	1.0994605825373096e-15
13	7	40.37037891630941	1629.7674938463995	-3.317378387543238e-17
13	8	43.66288322960176	1906.4473719218386	1.058186466774807e-18
13	9	46.933596186040354	2202.7624509543016	-3.524414575882744e-20
13	10	50.18710364757274	2518.745372532209	1.2148313300859407e-21
13	11	53.42674741652746	2854.417339509424	-4.3053644774427713e-23
13	12	56.655031411130715	3209.792584196208	1.5610741951747563e-24
13	13	59.87387509784777	3584.8809192326758	-5.769015825852618e-26
13	14	63.08477836922967	3979.6892618948273	2.166430170768106e-27
13	15	66.28893256072105	4394.222580039824	-8.247380149094501e-29
13	16	69.48729738674909	4828.484498114507	3.176714529708834e-30
13	17	72.68065558373313	5282.477696081238	-1.2360797769483646e-31
13	18	75.86965255136667	5756.2041782650995	4.8523851678968065e-33
13	19	79.0548256483344	6249.66545828855	-1.9196973632359888e-34
13	20	82.23662619904063	6762.862688600736	7.646845612512154e-36
13	21	85.41543626689099	7295.796752663317	-3.0645575796617793e-37
13	22	88.59158160627952	7848.468331502084	1.234816238821172e-38
13	23	91.7653417820215	8420.87795237122	-4.999650545657491e-40
13	24	94.93695816040622	9013.026024750721	2.0331385646268513e-41
13	25	98.10664028113929	9624.912867252862	-8.300409892111166e-43
14	0	15.298987467754213	234.05901753850046	8.356419523667282e-05
14	1	20.410502500967123	416.5886123419852	-1.730437043213873e-07
14	2	24.352625694939736	593.050378237839	1.7784303802228946e-09
14	3	28.013431202984385	784.7523277643392	-2.8867037600228016e-11
14	4	31.534244378846818	994.4085685448322	5.988196670008114e-13
14	5	34.97013455593089	1222.9103108599118	-1.4514514611563897e-14
14	6	38.348981772197746	1470.6444029643549	3.9179373471421366e-16
14	7	41.68700581813694	1737.806454081383	-1.1439914653351075e-17
14	8	44.99450705572709	2024.505665187875	3.5451696604470627e-19
14	9	48.27843645390763	2330.807426433997	-1.1508167277973658e-20
14	10	51.54369995068039	2656.75300460577	3.876570735001944e-22
14	11	54.79388222600721	3002.3695293975493	-1.3456835079002128e-23
14	12	58.03167609721658	3367.6754306522585	4.7885418702848785e-25
14	13	61.25915090029786	3752.6835690254643	-1.7396326732945018e-26
14	14	64.47792740304006	4157.403122191704	6.431475701230488e-28
14	15	67.68929579177502	4581.840764786412	-2.413498352906548e-29
14	16	70.89429758650397	5026.001430283783	9.174088675428819e-31
14	17	74.09378392576241	5489.888816437568	-3.526287606312878e-32
14	18	77.2884579257894	5973.505728546518	1.3686679307522011e-33
14	19	80.47890604005379	6476.854317403806	-5.357861606501185e-35
14	20	83.66562165696813	6999.936247246934	2.113323905319788e-36
14	21	86.84902311608893	7542.752816218949	-8.391800858334444e-38
14	22	90.02946764263413	8105.305044016106	3.352319404803834e-39
14	23	93.20726225187127	8687.593736489107	-1.3463784090533876e-40
14	24	96.38267237329033	9289.619533817024	5.433593838931937e-42
14	25	99.55592873763243	9911.382946812546	-2.202432586575056e-43
15	0	16.338879170846663	266.95897255952696	4.6289326194893284e-05
15	1	21.54233471974562	464.0721851775577	-8.258824515686162e-08
15	2	25.53470218296568	652.0210155727523	7.817379356937953e-10
15	3	29.23194516974395	854.5066184069166	-1.1920658770860424e-11
15	4	32.78145584105692	1074.6238470591647	2.3497738850710227e-13
15	5	36.24095430844205	1313.4067691865844	-5.454911358779113e-15
15	6	39.639762605267485	1571.3107794019625	1.418628994913332e-16
15	7	42.994988881590935	1848.569068928128	-4.0094326599973e-18
15	8	46.31752706989419	2145.313313870381	1.2072138430939278e-19
15	9	49.61474786448363	2461.623205656283	-3.81939445115135e-21
15	10	52.89186655951845	2797.549548149906	1.2572270938274107e-22
15	11	56.1527031384995	3153.126069760451	-4.274173748798134e-24
15	12	59.400133872915795	3528.3759041203184	1.492397069855674e-25
15	13	62.63637400607067	3923.3153486283654	-5.328779917545063e-27
15	14	65.86316227372902	4337.956144695561	1.9390791613221552e-28
15	15	69.08188556899854	4772.30691376821	-7.17126491791588e-30
15	16	72.29366563278016	5226.374090624219	2.6894317986262495e-31
15	17	75.49942083555749	5700.162546504612	-1.020927193218143e-32
15	18	78.699911149753	6193.676014979018	3.916866205129623e-34
15	19	81.89577149642982	6706.917388995446	-1.516840817368075e-35
15	20	85.08753687729276	7239.888931844655	5.922870286420162e-37
15	21	88.27566159144011	7792.592429406455	-2.3298005896464297e-38
15	22	91.46053412050732	8365.029301608483	9.224864261509889e-40
15	23	94.64248879380696	8957.200685085876	-3.674204566164259e-41
15	24	97.82181502714081	9569.107495204153	1.4712120704084597e-42
16	0	17.376588874432585	301.9458409110543	2.5727206668613883e-05
16	1	22.668805081232044	513.8747238108917	-3.9767419761193655e-08
16	2	26.71014203082056	713.431687306607	3.474857555348038e-10
16	3	30.443148461292186	926.7852882362768	-4.985283484799412e-12
16	4	34.02097224146319	1157.426552254409	9.347202321347299e-14
16	5	37.50386201406092	1406.5396659697217	-2.0796562081242957e-15
16	6	40.92252118602064	1674.652740220308	5.213027244516914e-17
16	7	44.294911441379234	1962.039179599629	-1.4264901292290433e-18
16	8	47.63249832774194	2268.854896942339	4.173659171927622e-20
16	9	50.943057580380035	2595.195115637916	-1.2870235300309945e-21
16	10	54.23210364027553	2941.1210652495865	4.1397117286369904e-23
16	11	57.5036845063454	3306.6737318053083	-1.3782089746724088e-24
16	12	60.76085460338041	3691.881452133134	4.7213370988156106e-26
16	13	64.00597117415236	4096.764345946423	-1.6566489696705583e-27
16	14	67.24088801324893	4521.337020810284	5.932482277016668e-29
16	15	70.46708654004367	4965.610285442003	-2.161808786583609e-30
16	16	73.68576707492669	5429.59226942035	7.997291302171296e-32
16	17	76.89791398233454	5913.289174834523	-2.9975434242238195e-33
16	18	80.10434315760452	6416.705792711262	1.1365277385165482e-34
16	19	83.30573728808807	6939.845865111946	-4.353065607951346e-36
16	20	86.50267246517309	7482.712343617015	1.6823288196746913e-37
16	21	89.69563856071959	8045.307576815247	-6.553918083166382e-39
16	22	92.88505503178081	8627.63344825695	2.5715810275672828e-40
16	23	96.07128332272876	9229.691479276022	-1.0155311361718626e-41
16	24	99.25463670039916	9851.482906528225	4.0337275476482476e-43
17	0	18.412361243033207	339.0150465439513	1.4341347105111472e-05
17	1	23.790421650260775	565.9841622971966	-1.9302519276996076e-08
17	2	27.87951652451638	777.2674416407818	1.560397863701302e-10
17	3	31.64762548920381	1001.5721991049028	-2.1091749970930014e-12
17	4	35.253372034026256	1242.8002397694645	3.765237779247751e-14
17	5	38.75942110595491	1502.2927244687428	-8.034215616319777e-16
17	6	42.197801271205314	1780.6544321241367	1.942038790765723e-17
17	7	45.58729527577184	2078.201490560409	-5.146709367916359e-19
17	8	48.93991970988405	2395.1157412098974	1.4635244186711608e-20
17	9	52.26384150886318	2731.50912926357	-4.399097632248445e-22
17	10	55.56486456791171	3087.4541744503704	1.382661595314272e-23
17	11	58.847257923406886	3462.9997651039744	-4.507631289518185e-25
17	12	62.1142490294694	3858.17993249494	1.514883712169749e-26
17	13	65.36833331069421	4273.018999818015	-5.222960008729525e-28
17	14	68.61147674520096	4707.534741157252	1.840350690707559e-29
17	15	71.84525309569372	5161.7403923842885	-6.606846860143582e-31
17	16	75.07093959527053	5635.645971716756	2.4105018930188966e-32
17	17	78.28958532496867	6129.25917035555	-8.919514051476277e-34
17	18	81.50206112240721	6642.585967200601	3.341538651103214e-35
17	19	84.70909668855349	7175.631061790703	-1.2655928639714737e-36
17	20	87.9113086281568	7728.398184715037	4.840059188335517e-38
17	21	91.10922194673057	8300.890323738611	-1.8670742733096092e-39
17	22	94.30328674490914	8893.109890892556	7.258320227804789e-41
17	23	97.49389133447133	9505.058847537704	-2.841428395525365e-42
18	0	19.446400537231575	378.1624938544405	8.0155727975193e-06
18	1	24.907620082202616	620.389538159343	-9.437598590119238e-09
18	2	29.04332241133198	843.5145766885786	7.072688754797013e-11
18	3	32.84588922371689	1078.8524388966812	-9.019208892382994e-13
18	4	36.47916664914423	1330.7295994160368	1.534423275365064e-14
18	5	40.008132778853756	1600.6506884503924	-3.142154676088188e-16
18	6	43.466089160445506	1889.3009069037982	7.327584727483109e-18
18	7	46.87260929897075	2197.0415024939593	-1.8813200433671004e-19
18	8	50.24024154458121	2524.0818704578637	5.200463402685535e-21
18	9	53.57753099478289	2870.5518274969213	-1.5238707710762674e-22
18	10	56.89056181378669	3236.536023488284	4.680451258740191e-24
18	11	60.183817416097604	3622.0918787741734	-1.494181463304693e-25
18	12	63.460693356125184	4027.259601240151	4.9259850995634596e-27
18	13	66.72381953545046	4452.068093399361	-1.6686551009868324e-28
18	14	69.9752712984599	4896.538593293066	5.7847159193787154e-30
18	15	73.2167125897941	5360.687002456514	-2.0456630921286727e-31
18	16	76.44949588594734	5844.52542121548	7.359943360425642e-33
18	17	79.67473368904557	6348.063188420333	-2.688155283293596e-34
18	18	82.8933507703739	6871.307601940247	9.949061662483998e-36
18	19	86.10612305801352	7414.2644280817685	-3.725559045408306e-37
18	20	89.31370705679235	7976.93826822652	1.409668599801981e-38
18	21	92.51666242853291	8559.332826915113	-5.383637407457611e-40
18	22	95.71546954734532	9161.45111066879	2.073253143143482e-41
18	23	98.91054330728478	9783.295577342258	-8.044279949212053e-43
19	0	20.478879190828074	419.38449291253113	4.490656673199619e-06
19	1	26.020777030635458	677.0808372780458	-4.6451151496080205e-09
19	2	30.201994625285188	912.1604793457553	3.2334057483525024e-11
19	3	34.0383927100333	1158.612178282448	-3.894985261802766e-13
19	4	37.698810796706645	1421.2003354858855	6.320839370725578e-15
19	5	41.25044515003889	1701.5992250763672	-1.243008461898243e-16
19	6	44.72782181163444	2000.5780440133217	2.7978922282112646e-18
19	7	48.15127673726951	2318.5454514291123	-6.961553020088266e-20
19	8	51.53387195094724	2655.7399582566263	1.871071353187655e-21
19	9	54.884518431063476	3012.3103634097465	-5.345617805169326e-23
19	10	58.20957191463622	3388.354262485206	1.6045565951889678e-24
19	11	61.51372385203209	3783.938222144062	-5.0160466216441684e-26
19	12	64.80053317198256	4199.109099373213	1.622184741200808e-27
19	13	68.07276067441667	4633.9007458364085	-5.398663323979882e-29
19	14	71.33258832663242	5088.338157376816	1.8411910191323956e-30
19	15	74.58176813204567	5562.440137702222	-6.41307807823291e-32
19	16	77.82172615519058	6056.221061773473	2.2750173164568646e-33
19	17	81.05363702134984	6569.692074388734	-8.200804671835615e-35
19	18	84.2784784135626	7102.861923705336	2.9981176971201855e-36
19	19	87.49707168019555	7655.737552609277	-1.1098364875761033e-37
19	20	90.71011258822088	8228.324525767708	4.154231608158869e-39
19	21	93.91819495132629	8820.62734291533	-1.570482874927472e-40
19	22	97.12182901876554	9432.649671950328	5.990275245313016e-42
20	0	21.5099442048019	462.6776996936909	2.52125324812223e-06
20	1	27.130220556721376	736.0488674563471	-2.3002811124655967e-09
20	2	31.355916371172594	983.1934914759695	1.4899691996428287e-11
20	3	35.22553831267515	1240.8385494177446	-1.6975163227214317e-13
20	4	38.91271082221671	1514.1990635334614	2.6300048488354686e-15
20	5	42.4867607580828	1805.1248397145648	-4.969959033808627e-17
20	6	45.98339354057539	2114.4724815074305	1.0802843945383296e-18
20	7	49.42368110019228	2442.700253493504	-2.6057563864548264e-20
20	8	52.82118215569338	2790.0772843249406	6.811227248872478e-22
20	9	56.185161993228235	3156.7724282052986	-1.8975874233745708e-23
20	10	59.522239692159445	3542.8970179708813	5.566935934958051e-25
20	11	62.83730870569767	3948.5273653751487	-1.704243015142767e-26
20	12	66.13408681555171	4373.71743892693	5.406544639667215e-28
20	13	69.41546227457185	4818.506402792508	-1.767685258803434e-29
20	14	72.68372101348082	5282.923300365514	5.930489702027426e-31
20	15	75.94070102089889	5766.990071545553	-2.034422182970855e-32
20	16	79.18790031977751	6270.723557055019	7.115370627048935e-34
20	17	82.42655436980169	6794.136865277875	-2.531140773876321e-35
20	18	85.65769274164269	7337.240325821667	9.139532009205897e-37
20	19	88.88218138719202	7900.042168145704	-3.34412980443393e-38
20	20	92.10075468258667	8482.54901310201	1.2381305936947136e-39
20	21	95.31404007065	9084.766234589473	-4.632724181739736e-41
20	22	98.5225772572395	9706.698229408727	1.7499660727916056e-42
21	0	22.539721996976162	508.0390677009711	1.418303142216359e-06
21	1	28.23623831555531	797.2851542128336	-1.1455292914053056e-09
21	2	32.50542720508487	1056.6027977850717	6.9164596099811615e-12
21	3	36.40768521216522	1325.519542508114	-7.461336015538623e-14
21	4	40.121231547640164	1609.7132208993564	1.104588711571647e-15
21	5	43.717442753862294	1911.2148009372268	-2.0070922924444184e-17
21	6	47.2331615955535	2230.97155431167	4.2148736494973535e-19
21	7	50.690171185039254	2569.493454768584	-9.859398946124596e-21
21	8	54.102510979346896	2927.0816942703514	2.5070138912417377e-22
21	9	57.479789659473525	3303.9262192973197	-6.81202203022328e-24
21	10	60.82888185681463	3700.152867950312	1.9534181858493937e-25
21	11	64.15487729210994	4115.848280365684	-5.856599835714111e-27
21	12	67.46164828054773	4551.073988728329	1.8226052371716833e-28
21	13	70.75220721826197	5005.874826255881	-5.8542684026028464e-30
21	14	74.0289414295292	5480.284169176664	1.9320394615732357e-31
21	15	77.29377287164786	5974.327324733887	-6.527176418180936e-33
21	16	80.54826993034735	6488.023788772099	2.2505519957203306e-34
21	17	83.79372762861182	7021.388789897984	-7.899839360452572e-36
21	18	87.03122640673277	7574.43436985998	2.817087818539292e-37
21	19	90.26167600139807	8147.17015458136	-1.0187414246041804e-38
21	20	93.4858487373811	8739.6039141485	3.730369107158687e-40
21	21	96.70440515258541	9351.741975915387	-1.3813385792019223e-41
21	22	99.9179139771529	9983.589533545728	5.1668075618931585e-43
22	0	23.56832213723903	555.4658083646713	7.992704298225665e-07
22	1	29.339084069538593	860.7818540394533	-5.734405971304338e-10
22	2	33.65082957524973	1132.378331102502	3.2326295156917283e-12
22	3	37.58515554102842	1412.6439170432993	-3.3057263535830583e-14
22	4	41.32470191982551	1707.73098876243	4.680008761715319e-16
22	5	44.94282005229018	2019.8570742525362	-8.181831840734572e-18
22	6	48.477450829514865	2350.0632389280313	1.6607374928696205e-19
22	7	51.951065299457376	2698.9131857484845	-3.768667146538975e-21
22	8	55.378168645170064	3066.7415624928967	9.324374602997943e-23
22	9	58.76870264373766	3453.760410428058	-2.4715024564603094e-24
22	10	62.12979010217027	3860.110818139735	6.928491419599138e-26
22	11	65.46671155748896	4285.890322151459	-2.0344978704070555e-27
22	12	68.78348973515548	4731.16846014624	6.211260520327481e-29
22	13	72.08325800031314	5195.996083939708	-1.960008162339684e-30
22	14	75.36850259326258	5680.411183150628	6.362845573754088e-32
22	15	78.64122748510505	6184.442660364041	-2.1169137926494567e-33
22	16	81.90306986831379	6708.112853853891	7.195328269675613e-35
22	17	85.15538308179987	7251.439267808088	-2.4920743694668867e-36
22	18	88.39929742977458	7814.43578607775	8.775739373719726e-38
22	19	91.6357656191038	8397.113540599325	-3.136275078105277e-39
22	20	94.86559726093996	8999.48154367486	1.1357062456907374e-40
22	21	98.08948544838518	9621.547155528968	-4.161500237357338e-42
23	0	24.59584026410811	604.9553582975217	4.511553391026996e-07
23	1	30.43898292564727	926.531681547846	-2.8844604408186595e-10
23	2	34.79239416554574	1210.510691770701	1.5205248884836295e-12
23	3	38.7582394487514	1502.2011251667489	-1.4755138790513332e-14
23	4	42.52341971102003	1808.2412239195671	1.9992181002584426e-16
23	5	46.16319165038951	2131.0402633505914	-3.3648111831545384e-18
23	6	49.71655764223402	2471.736103793578	6.604542486204962e-20
23	7	53.20665484636688	2830.9481199404163	-1.4544584939351401e-21
23	8	56.64844003168196	3209.045758023067	3.502451682858559e-23
23	9	60.05217834320988	3606.264123764686	-9.057714087652149e-25
23	10	63.425233775116105	4022.760279428129	2.482638193528142e-26
23	11	66.77307249889445	4458.643210942614	-7.14067373534542e-28
23	12	70.09986371611298	4913.9908930176125	2.1387499756412004e-29
23	13	73.40885871954525	5388.860538506155	-6.630496002856748e-31
23	14	76.70264028093594	5883.295026066657	2.1173306041810289e-32
23	15	79.98329249447751	6397.327078257143	-6.937022973987987e-34
23	16	83.25251984661809	6930.982060811538	2.3242742760334525e-35
23	17	86.51173277283381	7484.279907358207	-7.942480300802101e-37
23	18	89.76211045240905	8057.2364728704815	2.761797914187542e-38
23	19	93.00464775648041	8649.864504306997	-9.753438528464214e-40
23	20	96.24019092310769	9262.17434891622	3.4925216156149336e-41
23	21	99.46946505920667	9894.174479164736	-1.2662561008485782e-42
24	0	25.622360390283756	656.505351969582	2.550407801284957e-07
24	1	31.53613558731571	994.5278477815604	-1.4574356234687706e-10
24	2	35.93036429778722	1290.9910785717027	7.194774041584805e-13
24	3	39.927199315198365	1594.1812451555768	-6.6320236856828216e-15
24	4	43.71765545883755	1911.2333988176285	8.606545283181785e-17
24	5	47.378830270892955	2244.7535578380825	-1.3953342475642514e-18
24	6	50.95075332722715	2595.979264611948	2.649639804908368e-20
24	7	54.45720738511732	2965.5874361856763	-5.664577563949838e-22
24	8	57.91358746498498	3353.9836130644653	1.32798131899513e-23
24	9	61.33047288163207	3761.4269038846064	-3.3514257156688955e-25
24	10	64.71546219086015	4188.09104657665	8.982647757566542e-27
24	11	68.07420227136083	4634.097014882148	-2.530935403910957e-28
24	12	71.41100504745161	5099.531641887159	7.437523326876238e-30
24	13	74.72923682725668	5584.458836784217	-2.265361476771347e-31
24	14	78.03157462144915	6088.926637902788	7.11596925822508e-33
24	15	81.32018082177431	6612.971808886071	-2.2958696148959313e-34
24	16	84.59682574133679	7156.6229255101025	7.582581978365681e-36
24	17	87.86297572372186	7719.902503027337	-2.5563905167092805e-37
24	18	91.11985785457986	8302.82849543884	8.77716046929571e-39
24	19	94.36850837556557	8905.41537302919	-3.0628757218250852e-40
24	20	97.60980949842175	9527.674910318186	1.0844536697073973e-41
25	0	26.647956745598332	710.1135987152796	1.4437582425010074e-07
25	1	32.630721836862215	1064.7640075946765	-7.39490794177203e-11
25	2	37.06495958674102	1373.8112291667449	3.423458603787179e-13
25	3	41.092273280751236	1688.574923379942	-3.000505730645437e-15
25	4	44.907655790764466	2016.6975486217812	3.7321571551737856e-17
25	5	48.58998545581545	2360.9866865963572	-5.831807117483939e-19
25	6	52.180286929714995	2722.7823440673856	1.0718387542906956e-20
25	7	55.70296925946458	3102.820784320856	-2.2252630327126763e-22
25	8	59.1738531280428	3501.544894019181	5.0801306985931244e-24
25	9	62.60382331412039	3919.238693545604	-1.251387795461505e-25
25	10	66.00070664878591	4356.093278139092	3.2802926046748824e-27
25	11	69.37032603045827	4812.242133572076	-9.054987611549413e-29
25	12	72.71713252496063	5287.781362652688	2.6109234903062185e-30
25	13	76.04460466795085	5782.781899104933	-7.813516688514404e-32
25	14	79.35551150667779	6297.297206486471	2.4143859087737068e-33
25	15	82.6520919699811	6831.368307014214	-7.670958530530875e-35
25	16	85.93618077685856	7385.027166512915	2.4972908106314505e-36
25	17	89.20929902330458	7958.299032229372	-8.306317180726003e-38
25	18	92.47272075506169	8551.204083843617	2.8158499035807647e-39
25	19	95.7275228052483	9163.758622429334	-9.708972931446496e-41
25	20	98.9746227149511	9795.975941566914	3.3988404626822244e-42
26	0	27.672695265156065	765.778063238191	8.183450045751387e-08
26	1	33.722903410883916	1137.234214459806	-3.7668458577099485e-11
26	2	38.19637899644214	1458.9633684398464	1.6375365351833733e-13
26	3	42.25367822352964	1785.373323417583	-1.365916989521342e-15
26	4	46.0936462466637	2124.624224312575	1.629587450083203e-17
26	5	49.796886208173994	2479.7298760298295	-2.455571012923829e-19
26	6	53.4053877001998	2852.1354354086525	4.370022616650206e-21
26	7	56.94416786500492	3242.6382538378593	-8.813619292864198e-23
26	8	60.42946114922283	3651.7197747854316	1.959893916901226e-24
26	9	63.8724495469652	4079.689811129615	-4.71323095658069e-26
26	10	67.28118219507542	4526.757477566934	1.2085196964491141e-27
26	11	70.66165354976162	4993.069282386539	-3.268725505974638e-29
26	12	74.01845040039268	5478.730999675391	9.248685461308148e-31
26	13	77.35516084168341	5983.820908842711	-2.7195669683991483e-32
26	14	80.67464384267683	6508.398159142755	8.266800890989687e-34
26	15	83.97921317307062	7052.508245168037	-2.5865193232802513e-35
26	16	87.2707665838344	7616.186700130107	8.300098079139578e-37
26	17	90.55087880148209	8199.461651720698	-2.723606814956937e-38
26	18	93.82086990955102	8802.355630584896	9.116057869762769e-40
26	19	97.08185657009284	9424.886875096077	-3.1055797204155305e-41
27	0	28.696634802116122	823.4968489660222	4.6440416454486246e-08
27	1	34.812826392208656	1211.9328814140595	-1.925835058397328e-11
27	2	39.324803412794694	1546.4401634549492	7.871583267164738e-14
27	3	43.411612285670195	1884.5680812413514	-6.254404943959366e-16
27	4	47.27583368881074	2235.004450972093	7.161788268594456e-18
27	5	50.9997432599619	2600.9738125820295	-1.041258596692177e-19
27	6	54.62626721145729	2984.0290694575338	1.795054667540699e-21
27	7	58.18101361473232	3385.030345237668	-3.518135231346826e-23
27	8	61.68061942078274	3804.498812131441	7.622385629257286e-25
27	9	65.13655601617799	4242.770929648693	-1.789933520183526e-26
27	10	68.55708916990766	4700.0744754506695	4.490106168055809e-28
27	11	71.94838064593065	5176.569477571729	-1.1901021439989772e-29
27	12	75.31514969374572	5672.371773391326	3.3046117798447137e-31
27	13	78.6610914126237	6187.567302225143	-9.548499556908512e-33
27	14	81.98915266316547	6722.2211544238535	2.85540768208089e-34
27	15	85.3017204224983	7276.383507038065	-8.798143733217967e-36
27	16	88.60075414619018	7850.093635273637	2.782972638832083e-37
27	17	91.88788110365101	8443.382693718704	-9.009244931964835e-39
27	18	95.16446651884424	9056.275687816225	2.977174067208762e-40
27	19	98.4316661380185	9688.792898706337	-1.0020720955627938e-41
28	0	29.71982812446417	883.2681837476914	2.6383852972606242e-08
28	1	35.90062321347231	1288.8547471157067	-9.880089903706867e-12
28	2	40.450397822311565	1636.2346839832683	3.80152092867424e-14
28	3	44.566257029151394	1986.151265588386	-2.8796702257899665e-16
28	4	48.4544083707169	2347.8296905561997	3.1669708076529315e-18
28	5	52.198751029006544	2724.7096089882116	-4.444954050161832e-20
28	6	55.8431211937004	3118.4541846543107	7.42596719651432e-22
28	7	59.41370165042494	3529.9879438057073	-1.4148013386042177e-23
28	8	62.927521188780275	3959.8729229643905	2.9873676298177677e-25
28	9	66.39633316081289	4408.473057201661	-6.851500809178854e-27
28	10	69.8286145705481	4876.035412842162	1.6817517957821832e-28
28	11	73.23069043863616	5362.734022119357	-4.3686575095886896e-30
28	12	76.60740935733656	5868.695168442538	1.1905861627768686e-31
28	13	79.96257098451574	6394.012758453718	-3.380656118691164e-33
28	14	83.29920812335428	6938.758073977891	9.946039083132848e-35
28	15	86.61977938600859	7502.986180880798	-3.0180784510337924e-36
28	16	89.92630465109156	8086.740268200931	9.410325640285034e-38
28	17	93.22046267755772	8690.054661817932	-3.005400757031275e-39
28	18	96.50366295785882	9312.956964284012	9.805425687808374e-41
28	19	99.77709959633616	9955.469603857186	-3.260702529289188e-42
29	0	30.742322740652163	945.0904074904191	1.5004829777582e-08
29	1	36.98641434616079	1367.994846185889	-5.0852976412204245e-12
29	2	41.57331316783319	1728.3403677507326	1.8440229872480614e-14
29	3	45.7177792852402	2090.1153427739378	-1.332812887538402e-16
29	4	49.629545721884476	2463.0918085606218	1.4086723919022163e-18
29	5	53.39408931529826	2850.928773810048	-1.909573587014551e-20
29	6	57.05613113244966	3255.402099803291	3.092881923153469e-22
29	7	60.64241333890574	3677.5022955666927	-5.729995936413239e-24
29	8	64.17034644856403	4117.833363328735	1.1794407019259465e-25
29	9	67.65195872091881	4576.787518776903	-2.64250372475702e-27
29	10	71.09593325640468	5054.631725599149	6.347768367745472e-29
29	11	74.50875446812623	5551.55449239152	-1.61630332548684e-30
29	12	77.89539731161071	6067.692922333688	4.323708872570329e-32
29	13	81.25976366051617	6603.149190162944	-1.20657727542142e-33
29	14	84.60497038946104	7158.00101460158	3.4925622228488486e-35
29	15	87.93354623223625	7732.3085529768305	-1.0437528028172082e-36
29	16	91.24757025373788	8326.11907721083	3.2080191661947957e-38
29	17	94.54877168304995	8939.470226773508	-1.010778811641335e-39
29	18	97.8386034347684	9572.392322065874	3.2558669614467227e-41
